chrY:2802986	0	0	0	0	0	0	0	0	0	0	0	0
chrY:2802999	0	0	0	0	0	0	0	0	0	0	0	0
chrY:2803033	0	0	0	0	0	1	0	0	0	0	0	0
chrY:2803034	0	0	0	0	0	0	0	0	0	0	0	0
chrY:2803059	2	0	0	0	1	1	4	0	5	4	0	0
chrY:2803060	0	1	0	0	0	0	0	0	0	0	0	0
chrY:2803064	0	0	0	0	0	0	0	0	0	0	0	0
chrY:2803070	0	0	0	0	0	0	0	0	0	0	0	0
chrY:2803082	0	0	0	0	0	0	0	0	0	0	0	0
chrY:2803097	0	0	0	0	0	0	0	0	1	0	0	0
chrY:2803105	0	0	0	0	0	0	0	0	0	0	0	0
chrY:2803106	0	0	0	0	0	0	0	0	0	0	0	0
chrY:2803120	0	0	0	0	0	0	0	0	0	0	0	0
chrY:2803121	0	0	0	0	0	0	0	0	0	0	0	0
chrY:2803123	0	0	0	1	0	0	0	0	0	0	0	0
chrY:2803124	0	0	0	0	0	0	0	0	0	0	0	0
chrY:2803127	0	0	0	0	0	0	0	0	0	0	0	0
chrY:2803128	0	0	0	0	0	0	1	0	0	0	0	0
chrY:2803130	0	0	0	0	0	0	0	0	0	0	0	0
chrY:2803132	0	0	0	0	0	0	0	0	0	0	0	0
chrY:2803145	0	0	0	0	0	0	0	0	0	0	0	0
chrY:2803153	0	0	0	0	0	0	0	0	0	0	0	0
chrY:2803168	2	1	0	0	1	1	1	3	2	0	0	0
chrY:2803169	1	0	2	0	0	0	3	0	3	1	0	0
chrY:2803180	0	0	0	0	0	0	0	0	0	0	0	0
chrY:2803181	0	0	0	0	0	0	0	0	0	0	0	0
chrY:2803203	0	0	0	0	0	0	0	0	0	0	0	0
chrY:2803204	5	4	3	3	0	2	3	2	0	0	0	0
chrY:2803209	0	0	0	0	0	0	0	0	0	0	0	0
chrY:2803210	0	0	0	0	0	0	0	0	0	0	0	0
chrY:2803214	0	0	0	0	0	0	0	0	0	0	0	0
chrY:2803215	0	0	0	0	0	0	0	0	0	0	0	0
chrY:2803220	0	0	0	0	0	0	0	0	0	0	0	0
chrY:2803221	0	0	0	0	0	0	0	0	0	0	0	0
chrY:2803223	0	0	0	0	0	0	0	0	0	0	0	0
chrY:2803224	0	0	0	0	0	0	0	0	0	0	0	0
chrY:2803226	0	0	0	0	0	0	0	0	0	0	0	0
chrY:2803227	0	0	0	0	0	0	0	0	0	0	0	0
chrY:2803231	0	0	0	0	0	0	0	0	0	0	0	0
chrY:2803232	0	0	0	0	0	0	0	0	0	0	0	0
chrY:2803236	0	0	0	0	0	0	0	0	0	0	0	0
chrY:2803239	0	0	0	0	0	0	0	0	0	0	0	0
chrY:2803251	0	0	0	0	0	2	0	0	3	1	0	0
chrY:2803252	1	0	0	0	0	0	0	0	0	1	0	0
chrY:2803255	0	0	0	0	0	0	0	0	0	0	0	0
chrY:2803256	0	0	0	0	0	0	0	0	0	0	0	0
chrY:2803278	0	0	0	0	0	0	0	0	0	0	0	0
chrY:2803279	0	0	0	0	0	0	0	0	0	0	0	0
chrY:2803301	0	0	0	0	0	0	0	0	0	1	0	0
chrY:2803302	2	1	0	0	2	2	3	8	1	5	1	0
chrY:2803338	6	1	0	0	1	1	0	0	2	0	0	0
chrY:2803351	0	0	0	0	0	0	0	0	0	0	0	0
chrY:2803352	0	0	0	0	0	0	0	0	0	0	0	0
chrY:2803367	0	0	0	0	0	0	0	0	0	0	0	0
chrY:2803368	0	0	0	0	0	0	0	0	0	0	0	0
chrY:2803373	0	0	0	0	0	0	0	0	0	0	0	0
chrY:2803374	0	0	0	0	0	0	0	0	0	0	0	0
chrY:2803393	0	0	0	0	0	0	0	0	0	0	1	0
chrY:2803394	0	0	0	0	0	0	0	0	0	0	0	0
chrY:2803397	0	0	0	0	0	0	0	0	0	0	0	0
chrY:2803398	1	0	0	0	0	0	0	0	0	0	0	0
chrY:2803409	0	0	0	0	0	0	0	0	0	0	0	0
chrY:2803410	2	0	2	0	1	1	0	4	2	1	0	0
chrY:2803416	0	0	0	0	1	0	0	0	0	1	0	0
chrY:2803417	0	0	0	0	0	0	0	0	2	1	0	0
chrY:2803440	0	0	0	0	0	0	0	0	0	0	0	0
chrY:2803454	0	0	0	0	0	0	0	0	0	0	0	0
chrY:2803457	0	0	0	0	0	0	0	0	0	0	0	0
chrY:2803463	0	0	0	0	0	0	0	0	0	0	0	0
chrY:2803466	0	0	0	0	0	0	0	0	0	0	0	0
chrY:2803470	0	0	0	0	0	0	0	0	0	0	0	0
chrY:2803556	0	0	0	0	0	0	0	0	0	0	0	0
chrY:2803559	0	0	0	0	0	0	0	0	0	0	0	0
chrY:2803564	0	0	0	0	0	0	0	0	0	0	0	0
chrY:2803571	0	0	0	0	0	0	0	0	0	0	0	0
chrY:2803579	0	0	0	0	0	0	0	0	0	0	0	0
chrY:2803581	0	0	0	0	0	0	0	0	0	0	0	0
chrY:2803589	0	0	0	0	0	0	0	0	0	0	0	0
chrY:2803592	1	2	2	0	0	2	2	0	1	6	0	0
chrY:2803593	0	0	0	0	0	0	0	0	0	0	0	0
chrY:2803595	0	0	0	0	0	0	0	0	0	0	0	0
chrY:2803600	0	0	0	0	0	0	0	0	0	0	0	0
chrY:2803604	0	0	0	0	0	0	0	0	0	0	0	0
chrY:2803607	0	0	0	0	0	0	0	0	0	0	0	0
chrY:2803610	0	0	0	0	0	0	0	0	0	0	0	0
chrY:2803621	0	0	0	0	0	0	0	0	0	0	0	0
chrY:2803630	0	0	0	0	0	0	0	0	0	0	0	0
chrY:2803667	0	0	0	0	0	0	0	0	0	0	0	0
chrY:2803673	0	0	0	0	0	0	0	0	0	0	0	0
chrY:2803681	0	0	0	0	0	0	0	0	0	0	0	0
chrY:2803692	0	0	0	0	0	0	0	0	0	0	0	0
chrY:2803712	0	1	0	0	0	0	0	0	0	0	0	0
chrY:2803716	0	0	0	0	0	0	0	0	0	0	1	0
chrY:2803723	3	5	0	1	1	1	5	8	6	3	1	0
chrY:2803724	1	1	0	0	0	1	0	0	1	1	0	0
chrY:2803749	0	0	0	0	0	0	0	0	0	0	0	0
chrY:2803760	0	0	1	0	0	0	0	0	0	0	0	0
chrY:2803761	0	0	0	0	0	0	0	0	0	0	0	0
chrY:2803764	0	0	0	0	0	0	0	0	0	0	0	0
chrY:2803765	0	0	0	0	0	0	0	0	0	0	0	0
chrY:2803773	0	0	0	0	0	1	0	0	0	0	0	0
chrY:2803774	0	0	0	0	0	0	0	0	0	0	0	0
chrY:2803778	0	0	0	0	0	0	0	0	0	0	0	0
chrY:2803779	0	0	0	0	0	0	0	0	0	0	0	0
chrY:2803784	0	0	0	0	0	0	0	0	0	0	0	0
chrY:2803785	0	0	0	0	0	0	0	0	0	0	0	0
chrY:2803792	0	0	0	0	0	0	0	0	0	0	0	0
chrY:2803793	0	0	0	0	0	0	0	0	0	0	0	0
chrY:2803806	0	0	0	0	0	0	0	0	0	0	0	0
chrY:2803819	0	1	0	0	0	0	0	0	6	7	0	0
chrY:2803820	0	0	0	0	0	1	6	0	0	1	0	0
chrY:2803842	0	0	0	0	0	0	0	0	0	0	0	0
chrY:2803857	0	0	0	0	0	0	0	0	0	0	0	0
chrY:2803859	0	0	0	0	0	0	0	0	0	0	0	0
chrY:2803875	0	0	0	0	0	0	0	0	0	0	0	0
chrY:2804000	0	0	0	0	0	0	0	0	0	0	0	0
chrY:2804018	0	0	0	0	0	0	0	0	0	0	0	0
chrY:2804021	0	0	0	0	0	0	0	0	0	0	0	0
chrY:2804024	0	0	0	0	0	0	0	0	0	0	0	0
chrY:2804027	0	0	0	0	0	0	0	0	0	0	0	0
chrY:2804030	0	0	0	0	0	0	0	0	0	0	0	0
chrY:2804036	0	0	0	0	0	0	0	0	0	0	0	0
chrY:2804044	0	0	0	0	0	1	0	0	1	1	1	0
chrY:2804045	0	0	0	0	0	0	0	0	0	0	0	0
chrY:2804047	0	0	0	0	0	0	0	0	1	0	0	0
chrY:2804049	0	0	0	0	0	0	0	0	1	0	0	0
chrY:2804052	0	0	0	0	0	0	0	0	1	0	0	0
chrY:2804055	0	0	0	0	0	0	0	0	1	0	0	0
chrY:2804063	0	0	0	0	0	0	0	0	1	0	0	0
chrY:2804073	0	0	0	0	0	0	0	0	1	0	0	0
chrY:2804079	0	0	0	0	0	0	0	0	1	0	0	0
chrY:2804090	0	0	0	0	0	0	0	0	1	0	0	0
chrY:2804106	0	0	0	0	0	0	0	0	0	0	0	0
chrY:2804196	0	0	0	0	0	0	0	0	0	0	0	0
chrY:2804202	0	0	0	1	0	0	0	0	0	0	0	0
chrY:2804219	0	0	0	0	0	0	0	0	0	0	0	0
chrY:2804225	0	0	0	0	0	0	0	0	0	0	0	0
chrY:2804229	0	0	0	0	0	0	0	0	0	0	0	0
chrY:2804233	0	0	0	0	0	0	0	0	0	0	0	0
chrY:2804237	0	0	0	0	0	0	0	0	0	0	0	0
chrY:2804239	0	0	0	0	0	0	1	0	1	0	0	0
chrY:2804240	2	0	0	0	0	0	2	0	3	4	0	0
chrY:2804250	0	0	0	0	0	0	0	0	0	0	0	0
chrY:2804251	0	0	0	0	0	0	0	0	0	0	0	0
chrY:2804260	0	0	0	0	0	0	0	0	0	0	0	0
chrY:2804261	0	0	0	0	0	0	0	0	0	0	0	0
chrY:2804267	0	0	0	0	0	0	1	0	0	0	0	0
chrY:6114210	1	1	2	0	1	0	1	0	0	1	1	0
chrY:6114231	1	1	2	0	0	0	1	0	0	1	1	0
chrY:6114234	1	1	3	0	0	0	1	0	0	1	1	0
chrY:6114245	1	1	2	0	0	0	1	0	0	1	1	0
chrY:6114256	1	3	2	0	0	0	1	0	0	1	1	0
chrY:6114264	2	2	2	0	1	0	1	0	0	1	1	0
chrY:6114272	7	15	15	11	5	3	23	17	3	0	7	1
chrY:6114274	7	19	16	11	6	3	21	16	3	0	7	1
chrY:6114276	10	18	19	12	6	3	22	17	3	0	5	0
chrY:6114293	5	14	12	9	6	2	15	14	1	0	7	0
chrY:6114305	9	18	17	13	6	3	19	15	3	0	7	1
chrY:6114459	0	0	0	3	0	0	0	0	0	0	0	0
chrY:6114479	0	0	0	3	0	0	0	0	0	0	0	0
chrY:6114497	0	0	0	3	0	0	0	0	0	0	0	0
chrY:6114524	0	0	0	3	0	0	0	0	0	0	0	0
chrY:9745561	10	0	5	1	0	1	1	0	0	0	0	0
chrY:9745571	12	0	6	1	0	1	1	0	0	0	0	0
chrY:9745579	13	0	6	1	0	1	1	0	0	0	0	0
chrY:9745599	11	0	6	1	0	1	1	0	0	0	0	0
chrY:9745654	0	0	0	4	0	0	0	0	0	0	0	0
chrY:9745679	11	0	11	3	4	2	4	5	2	2	6	5
chrY:9745703	11	0	12	3	4	2	4	5	2	2	7	5
chrY:9745720	0	0	0	0	0	0	0	0	0	1	0	0
chrY:9745721	11	0	12	4	4	3	5	6	2	2	6	5
chrY:9745731	0	0	0	0	0	0	0	0	0	1	0	0
chrY:9745732	0	0	0	0	0	0	0	0	0	0	1	0
chrY:9745745	0	0	0	0	0	0	0	0	0	0	1	0
chrY:9745750	0	0	0	0	0	0	0	0	0	0	0	0
chrY:9745751	0	0	0	0	0	0	0	0	0	0	1	0
chrY:9745753	5	0	5	6	2	0	9	13	1	1	6	1
chrY:9745754	0	0	0	0	0	0	0	0	0	0	1	0
chrY:9745765	6	0	4	6	2	0	7	12	1	1	6	1
chrY:9745782	6	0	5	5	3	0	9	15	1	0	4	1
chrY:9745784	7	0	6	6	3	0	8	14	0	0	5	1
chrY:9745786	7	0	5	6	3	0	8	13	1	0	6	1
chrY:9745794	1	0	0	0	0	0	0	1	0	0	0	0
chrY:9745913	3	2	5	8	0	1	2	0	0	1	0	0
chrY:9745937	3	1	5	8	0	1	3	0	0	1	0	0
chrY:9745960	3	2	4	7	0	1	3	0	0	1	0	0
chrY:9930124	0	0	0	0	1	0	0	4	0	0	0	0
chrY:9930125	65	32	104	66	35	40	75	5	21	45	83	25
chrY:9930137	0	1	0	0	0	0	0	1	0	0	0	0
chrY:9930138	63	29	106	70	37	44	64	6	24	54	84	25
chrY:9930149	9	5	16	13	3	5	9	0	0	5	4	4
chrY:9930150	91	48	145	82	51	55	97	7	27	70	101	38
chrY:9930158	6	5	15	9	3	3	5	0	0	3	3	4
chrY:9930159	4	2	1	1	0	0	4	1	0	0	0	1
chrY:9930167	9	4	16	11	3	3	7	0	0	4	4	3
chrY:9930168	1	1	1	0	0	0	1	0	0	0	1	0
chrY:9930170	3	4	7	7	1	1	4	0	0	2	3	0
chrY:9930171	6	3	1	1	0	0	3	1	0	0	1	0
chrY:9930225	4	1	1	1	0	0	1	0	0	0	2	1
chrY:9930237	2	2	5	1	0	0	3	0	0	0	5	2
chrY:9930239	2	2	3	1	0	0	1	1	0	0	2	2
chrY:9930241	3	2	1	0	0	0	2	0	0	0	3	2
chrY:9930247	4	3	4	0	0	0	2	1	0	0	5	2
chrY:9930253	4	3	4	2	0	0	1	1	0	0	4	2
chrY:9930259	3	3	3	1	0	0	2	1	0	0	3	2
chrY:9930265	3	4	1	2	0	0	3	0	0	0	3	2
chrY:9930270	1	1	3	1	0	0	1	0	0	0	3	2
chrY:9930273	12	4	8	0	0	5	7	10	3	2	3	5
chrY:9930274	2	1	2	1	0	0	2	1	0	0	3	0
chrY:9930305	19	2	14	3	0	3	6	8	4	3	5	5
chrY:9930306	8	3	4	1	1	3	6	4	1	4	1	2
chrY:9930310	22	7	15	6	2	9	16	20	6	3	6	9
chrY:9930311	10	6	8	4	1	3	11	6	0	3	2	3
chrY:9930334	5	2	4	7	0	1	1	5	0	1	1	4
chrY:9930335	12	4	7	4	1	5	15	5	5	7	4	3
chrY:9930349	5	3	2	5	0	0	0	3	0	0	1	3
chrY:9930350	3	1	2	2	0	2	2	4	2	2	3	0
chrY:9930351	0	1	0	3	0	0	0	2	0	0	0	0
chrY:9930352	0	1	1	1	0	3	0	2	0	1	1	0
chrY:9930372	0	0	0	0	0	0	0	0	0	0	0	0
chrY:9930373	6	4	2	3	0	4	3	4	3	2	3	2
chrY:9930388	0	1	0	0	0	0	0	0	0	0	0	0
chrY:9930390	0	1	0	0	0	0	0	0	0	0	0	0
chrY:13263442	4	4	11	2	1	5	3	0	2	3	17	3
chrY:13263444	8	6	6	6	6	6	7	12	3	3	4	7
chrY:13263445	6	6	13	3	1	6	5	0	3	4	23	3
chrY:13263467	8	3	4	2	3	4	4	8	0	2	4	3
chrY:13263468	4	5	2	7	2	1	5	6	1	1	4	4
chrY:13263479	7	7	5	4	5	6	6	10	2	1	2	6
chrY:13263480	6	5	4	10	5	1	7	9	1	1	8	6
chrY:13263487	37	14	39	49	18	26	31	68	20	35	24	25
chrY:13263488	5	3	5	11	5	0	6	11	2	2	4	7
chrY:13263500	41	11	35	39	14	28	38	67	22	29	25	21
chrY:13263501	1	0	0	2	0	0	1	0	0	0	1	1
chrY:13263503	38	15	44	51	24	31	43	71	26	42	32	29
chrY:13263504	0	0	0	2	0	0	1	0	0	0	1	1
chrY:13263511	6	1	5	6	3	3	7	13	5	5	3	4
chrY:13263512	0	0	0	2	0	0	0	0	0	0	0	0
chrY:13263524	38	12	39	44	18	31	38	70	26	38	26	22
chrY:13263525	0	0	0	2	0	0	1	0	0	0	1	0
chrY:13263533	1	0	0	0	2	12	4	2	19	17	0	0
chrY:13263534	0	0	0	0	0	0	1	0	0	0	0	1
chrY:13263539	2	1	1	0	3	7	4	2	13	12	3	2
chrY:13263540	0	0	0	0	0	0	0	0	0	0	0	0
chrY:13263548	1	0	0	0	0	0	0	0	1	1	0	0
chrY:13263549	0	0	0	2	0	0	1	0	0	0	0	0
chrY:13263560	1	0	0	0	0	0	0	0	0	1	0	0
chrY:13263561	0	0	0	0	0	0	0	0	0	0	0	0
chrY:13263579	0	7	25	18	14	14	4	15	12	35	17	27
chrY:13263580	0	0	0	0	0	0	1	0	0	0	0	0
chrY:13263592	1	6	27	4	5	14	9	8	8	24	16	26
chrY:13263610	14	14	54	31	16	21	19	15	19	38	38	32
chrY:13263621	17	13	55	24	22	23	24	17	19	34	42	35
chrY:13263637	0	0	0	1	0	0	0	0	0	0	0	0
chrY:13263638	0	0	2	0	0	0	0	0	0	0	2	0
chrY:13263646	0	0	0	6	0	0	0	0	0	0	0	0
chrY:13263647	0	0	0	0	0	0	0	0	0	0	0	0
chrY:13263655	0	0	0	0	0	0	0	0	0	0	0	0
chrY:13263681	1	0	2	0	0	0	3	0	0	0	2	0
chrY:13263687	0	0	4	0	0	0	3	0	0	0	3	0
chrY:13263693	0	0	4	0	0	0	3	0	0	0	3	0
chrY:13462591	22	8	9	12	5	4	11	32	5	3	10	1
chrY:13462592	7	4	10	4	4	1	8	10	2	1	6	2
chrY:13462593	31	10	10	12	7	7	15	38	6	5	10	1
chrY:13462604	7	3	10	5	4	1	6	9	3	1	4	2
chrY:13462605	31	8	12	18	5	10	25	54	10	6	9	3
chrY:13462613	8	3	10	6	3	1	7	10	3	1	5	2
chrY:13462614	28	7	22	18	7	11	26	50	6	6	20	8
chrY:13462639	773	379	749	40	315	393	744	355	266	437	495	283
chrY:13462640	40	8	22	26	7	12	27	65	11	6	26	8
chrY:13462645	618	301	585	29	264	317	570	274	225	365	415	210
chrY:13462646	5	1	1	1	0	2	6	4	2	0	4	1
chrY:13462651	528	260	441	30	215	220	430	271	183	269	348	163
chrY:13462652	24	10	5	12	2	5	25	24	4	2	14	11
chrY:13462654	595	312	572	34	236	284	565	233	180	313	382	200
chrY:13462655	6	1	3	2	0	2	9	7	2	0	5	2
chrY:13462665	482	212	384	30	187	255	413	287	175	282	244	150
chrY:13462666	19	9	6	11	4	4	25	17	4	2	14	12
chrY:13462675	20	6	6	6	6	8	15	15	7	9	6	1
chrY:13462676	24	12	6	13	6	6	26	22	4	2	14	12
chrY:13462696	15	4	4	23	6	5	11	268	5	5	2	1
chrY:13462697	6	7	4	8	5	8	6	18	6	7	2	5
chrY:13462711	13	4	3	5	5	5	11	13	5	5	2	1
chrY:13462712	10	7	4	11	5	8	10	21	6	7	2	5
chrY:13462724	51	30	65	49	28	36	106	77	23	31	39	27
chrY:13462725	10	7	4	12	6	8	9	22	6	7	2	5
chrY:13462731	12	7	8	12	2	6	16	20	5	11	3	5
chrY:13462732	0	0	0	5	0	0	0	0	0	0	0	0
chrY:13462744	13	7	10	12	2	6	19	21	4	12	4	7
chrY:13462745	0	0	0	4	0	0	0	0	0	0	0	0
chrY:13462761	53	49	70	50	29	34	130	96	20	29	38	33
chrY:13462762	0	0	0	4	0	0	0	0	0	0	0	0
chrY:13462769	17	9	11	18	4	11	13	4	7	15	11	6
chrY:13462770	0	0	0	6	0	0	0	0	0	0	0	0
chrY:13462827	0	0	0	16	0	0	0	0	0	0	0	0
chrY:13462828	0	0	1	0	0	0	0	0	0	0	0	0
chrY:13462831	6	0	2	21	0	0	2	1	0	1	2	1
chrY:13462832	0	0	0	5	0	0	0	0	0	0	0	0
chrY:13462840	6	0	2	0	0	0	2	1	0	1	2	1
chrY:13462841	0	0	1	5	0	0	0	0	0	0	0	0
chrY:13462860	5	1	1	0	0	0	2	2	0	0	2	1
chrY:13462861	14	2	15	6	2	9	11	0	1	5	6	8
chrY:13462865	7	1	1	2	0	0	2	2	0	1	1	1
chrY:13462866	14	2	14	6	2	8	9	0	1	5	6	8
chrY:13462879	1	0	1	0	0	0	0	0	0	0	3	0
chrY:13462880	14	2	15	6	2	9	11	0	1	4	6	8
chrY:13462892	0	0	0	0	0	0	0	0	0	0	1	0
chrY:13462893	14	1	13	6	2	9	9	0	1	4	6	8
chrY:13462898	29	12	15	5	5	4	17	1	3	5	9	3
chrY:13462899	14	2	15	6	2	8	8	0	1	5	6	7
chrY:13462909	24	12	15	5	5	3	15	0	3	5	9	3
chrY:13462941	25	10	15	5	5	3	14	0	3	5	9	2
chrY:13462942	2	5	19	2	0	5	19	1	3	8	11	3
chrY:13462955	0	0	0	5	0	0	0	0	0	0	0	0
chrY:13462956	2	1	2	2	0	1	5	0	3	1	3	0
chrY:13462958	0	0	0	5	0	0	0	0	0	0	0	0
chrY:13462959	3	0	5	3	0	0	5	1	1	1	4	0
chrY:13462984	35	2	17	12	21	3	6	3	3	0	14	10
chrY:13462985	8	9	15	8	6	6	20	0	5	6	10	3
chrY:13463025	68	18	29	15	31	5	39	32	3	3	21	17
chrY:13463026	41	17	34	23	17	25	38	17	12	22	27	10
chrY:13463041	35	13	17	15	12	19	31	50	9	23	10	13
chrY:13463042	42	18	37	27	17	27	42	20	14	24	31	12
chrY:13463059	27	10	17	18	9	14	24	52	8	19	7	12
chrY:13463060	1	0	0	3	0	0	0	0	0	0	1	0
chrY:13463072	4	6	5	4	1	7	6	4	1	7	3	3
chrY:13463073	2	0	0	3	0	0	0	0	0	0	1	1
chrY:13463075	17	9	10	9	3	13	18	34	6	11	5	7
chrY:13463076	0	0	0	6	0	0	0	0	0	0	0	0
chrY:13463087	9	6	8	4	1	9	6	17	3	7	3	2
chrY:13463088	11	5	11	11	4	12	10	16	13	21	5	9
chrY:13463089	9	6	8	4	2	10	12	27	3	10	3	5
chrY:13463090	22	13	33	29	16	24	25	33	35	48	12	20
chrY:13463099	2	0	5	3	0	2	1	2	0	1	2	3
chrY:13463100	27	10	29	27	15	21	29	36	25	34	14	18
chrY:13463119	5	0	5	4	1	2	1	3	0	1	4	2
chrY:13463120	31	15	44	28	13	35	39	42	32	64	11	24
chrY:13463126	5	0	5	4	1	2	1	2	0	1	3	2
chrY:13463127	26	14	40	30	16	33	35	44	34	61	13	24
chrY:13463132	0	0	0	4	0	0	0	0	0	0	0	0
chrY:13463133	24	16	44	31	15	41	34	40	32	57	13	23
chrY:13463141	10	6	7	3	8	5	15	0	3	4	8	0
chrY:13463142	34	17	39	32	17	36	37	52	39	58	16	24
chrY:13463146	9	3	6	2	4	5	6	0	2	2	4	0
chrY:13463147	2	0	11	13	3	11	7	8	5	14	4	6
chrY:13463165	9	4	4	3	5	5	12	0	3	3	9	0
chrY:13463166	2	0	2	13	5	5	5	6	5	6	7	5
chrY:13463174	5	4	4	3	4	3	8	0	1	2	4	0
chrY:13463175	2	0	3	12	4	5	3	6	3	4	6	4
chrY:13463185	9	6	7	4	6	6	12	0	3	3	4	0
chrY:13463186	2	0	4	18	5	6	6	7	4	8	6	5
chrY:13463228	26	8	36	40	12	10	41	18	2	20	20	10
chrY:13463241	84	17	85	75	52	17	55	42	23	39	50	37
chrY:13463261	0	0	7	3	5	2	9	13	2	0	5	2
chrY:13463262	95	17	121	102	47	37	82	48	21	51	72	40
chrY:13463263	1	0	1	12	7	2	8	8	6	5	0	1
chrY:13463264	101	17	111	97	58	36	61	44	22	54	60	41
chrY:13463293	76	51	101	185	52	64	123	149	53	31	136	80
chrY:13463294	10	1	4	11	2	6	5	2	1	4	5	2
chrY:13463300	58	37	60	128	27	33	60	74	33	12	79	37
chrY:13463301	42	16	69	108	37	24	65	107	18	23	51	34
chrY:13463315	64	41	63	128	34	42	68	77	26	14	91	45
chrY:13463316	54	27	78	134	45	30	83	137	22	19	67	37
chrY:13463323	7	59	4	2	4	23	15	9	30	22	11	2
chrY:13463324	55	27	79	143	48	32	87	149	23	25	81	42
chrY:13463359	1	5	1	1	2	2	0	2	1	0	1	2
chrY:13463360	6	12	3	8	1	4	7	8	4	1	6	2
chrY:13463364	14	32	10	10	10	13	20	8	9	7	4	3
chrY:13463365	10	20	6	11	1	5	13	16	4	2	9	2
chrY:13463374	8	15	6	10	5	10	5	4	6	4	3	1
chrY:13463375	17	20	8	13	4	6	15	16	7	1	13	3
chrY:13463391	7	7	11	7	3	6	8	25	2	6	6	3
chrY:13463392	11	19	5	13	1	5	9	16	4	2	8	2
chrY:13463407	7	7	11	7	3	5	8	25	2	6	7	3
chrY:13463408	6	0	4	3	6	1	4	6	0	1	2	2
chrY:13463412	7	5	10	5	3	5	5	27	2	6	7	3
chrY:13463413	6	0	4	1	7	1	4	8	0	1	3	3
chrY:13463417	5	6	10	7	3	6	6	27	1	6	7	3
chrY:13463418	4	0	4	4	6	1	4	7	0	1	3	2
chrY:13463455	4	6	19	4	3	3	6	4	1	2	7	11
chrY:13463456	5	0	4	3	7	1	4	7	0	1	3	3
chrY:13463464	60	40	112	7	35	34	87	42	24	34	56	39
chrY:13463491	5	6	20	5	3	2	6	3	1	2	8	11
chrY:13463492	1	0	1	0	0	1	5	0	0	0	4	2
chrY:13463498	5	3	13	4	2	2	5	2	1	2	7	8
chrY:13463499	1	2	0	0	0	1	5	1	0	0	5	1
chrY:13463500	5	6	20	4	2	2	6	3	1	1	8	11
chrY:13463501	1	1	2	0	1	0	2	0	0	0	6	0
chrY:13463549	0	0	0	0	0	0	0	0	0	0	0	0
chrY:13463550	0	4	5	2	0	1	4	1	0	1	3	2
chrY:13463555	1	4	5	2	0	1	5	1	0	1	3	2
chrY:13463558	0	3	5	2	0	1	5	1	0	1	2	1
chrY:13463573	2	2	4	4	1	1	2	2	1	0	1	0
chrY:13463574	2	4	4	2	0	1	4	0	1	1	3	2
chrY:13463578	2	2	4	4	1	1	0	4	1	0	1	0
chrY:13463579	12	7	1	35	6	8	13	29	2	1	15	2
chrY:13463588	2	2	3	4	1	1	1	2	1	0	1	0
chrY:13463589	11	6	1	38	6	10	13	29	2	1	14	3
chrY:13463596	2	1	4	4	1	0	1	4	1	0	1	0
chrY:13463597	12	7	1	40	5	9	12	26	2	0	14	3
chrY:13463604	7	6	5	8	2	2	3	5	4	4	7	0
chrY:13463605	12	9	1	42	7	9	13	35	3	1	16	4
chrY:13463616	7	5	4	9	1	1	2	4	4	4	5	0
chrY:13463617	5	5	5	8	3	3	8	10	4	0	3	5
chrY:13463643	18	4	2	19	8	2	11	6	4	6	15	2
chrY:13463644	9	5	6	9	4	3	9	9	3	1	3	5
chrY:13463675	12	2	2	16	8	1	9	5	3	3	11	3
chrY:13463676	98	32	33	7	28	33	49	27	31	54	38	20
chrY:13463679	16	3	2	18	8	2	10	6	2	4	12	3
chrY:13463680	24	6	13	7	6	21	23	29	17	37	9	9
chrY:13463695	0	2	0	0	1	1	3	0	2	3	1	0
chrY:13463696	27	20	16	9	7	25	27	34	25	49	11	10
chrY:13463727	13	24	13	8	7	3	22	23	8	3	5	10
chrY:13463728	134	50	51	63	44	58	96	45	39	72	92	41
chrY:13463745	12	10	6	7	3	3	8	12	5	3	5	6
chrY:13463746	13	5	4	8	2	3	7	14	2	2	8	0
chrY:13463763	12	23	8	6	6	3	18	17	8	2	5	9
chrY:13463764	9	11	4	4	4	2	21	21	6	2	7	5
chrY:13463771	8	1	6	0	0	2	9	7	5	4	6	2
chrY:13463772	11	14	3	6	5	2	25	17	7	2	6	6
chrY:13463799	3	2	1	0	0	1	4	4	1	3	3	2
chrY:13463800	0	0	0	2	0	0	0	0	0	0	0	0
chrY:13463823	5	4	4	0	0	2	9	7	1	4	6	2
chrY:13463824	0	0	0	2	0	0	1	0	0	0	1	0
chrY:13463836	0	0	0	0	0	0	0	0	0	0	0	0
chrY:13463837	0	0	0	1	0	0	1	0	0	0	1	0
chrY:13463863	0	0	0	0	0	0	0	0	0	0	0	0
chrY:13463865	0	0	0	0	0	0	0	0	0	0	0	0
chrY:13463875	4	1	1	2	4	0	7	0	1	1	6	0
chrY:13463876	0	0	0	0	0	0	0	0	0	0	0	0
chrY:13463881	6	3	1	1	4	1	9	0	2	1	6	0
chrY:13463882	0	1	0	0	0	0	2	0	0	0	0	0
chrY:13463886	4	4	3	1	4	1	11	0	2	2	7	0
chrY:13463887	0	1	0	0	0	0	1	0	0	0	0	0
chrY:13463911	4	2	0	1	0	2	8	0	1	1	2	0
chrY:13463912	0	0	0	0	0	0	0	0	0	0	1	0
chrY:13463913	6	4	3	2	6	2	9	0	2	1	5	0
chrY:13463914	0	2	0	0	0	0	2	0	0	0	1	0
chrY:13488004	0	0	0	0	0	0	0	0	0	0	0	0
chrY:13488005	5	3	4	4	1	4	4	0	4	4	4	0
chrY:13488006	1	0	0	0	0	0	0	0	0	0	0	0
chrY:13488017	5	1	5	5	1	4	4	0	1	4	3	0
chrY:13488018	1	0	0	0	0	0	0	0	0	0	0	0
chrY:13488026	4	2	5	5	1	5	4	0	1	4	4	0
chrY:13488027	1	0	0	0	0	0	0	0	0	0	0	0
chrY:13488044	5	1	5	4	1	3	4	1	1	4	4	0
chrY:13488045	1	0	0	0	0	0	0	0	0	0	0	0
chrY:13488058	7	1	2	11	2	4	8	3	0	2	1	1
chrY:13488064	4	1	1	6	2	0	7	5	0	2	0	1
chrY:13488078	6	1	2	6	2	3	8	4	0	2	1	1
chrY:13488079	1	0	0	11	0	0	0	0	0	0	0	0
chrY:13488089	3	0	1	0	0	2	3	1	0	1	1	0
chrY:13488090	17	3	8	11	5	3	9	2	0	4	7	5
chrY:13488109	0	0	0	0	0	0	0	0	0	0	0	0
chrY:13488110	40	4	22	12	11	8	15	1	1	8	10	9
chrY:13488125	44	3	24	11	10	8	15	2	1	8	10	8
chrY:13488132	42	3	24	12	9	9	15	2	1	8	8	9
chrY:13488137	94	50	57	65	22	24	75	90	29	29	69	15
chrY:13488138	41	3	24	12	10	9	15	3	1	8	11	9
chrY:13488144	69	38	48	55	17	16	51	69	24	22	55	15
chrY:13488157	30	20	17	16	8	6	35	34	7	15	20	4
chrY:13488174	75	43	42	52	18	20	59	70	25	21	60	10
chrY:13488182	48	33	14	26	10	10	48	40	7	16	24	5
chrY:13488215	8	7	9	12	4	2	12	11	3	6	12	2
chrY:13488216	3	3	3	4	2	1	2	4	2	6	5	2
chrY:13488223	9	6	8	13	4	2	14	9	3	7	12	5
chrY:13488224	4	3	4	4	2	1	3	3	2	5	5	3
chrY:13488241	10	3	10	0	18	19	4	21	8	24	6	7
chrY:13488242	6	3	8	4	2	1	2	4	2	8	5	4
chrY:13488244	8	1	8	1	18	12	4	16	5	12	4	6
chrY:13488245	0	0	0	0	0	0	0	0	0	0	0	1
chrY:13488253	11	2	8	0	17	18	4	18	7	17	5	7
chrY:13488254	0	0	0	2	0	1	1	0	0	0	0	1
chrY:13488264	32	6	19	14	6	9	18	33	3	13	17	8
chrY:13488265	6	1	0	0	5	6	2	4	4	12	0	1
chrY:13488271	12	3	9	8	4	2	6	19	1	4	10	4
chrY:13488272	28	23	44	34	9	17	24	58	5	26	23	16
chrY:13488273	40	8	28	13	23	26	20	53	7	27	20	14
chrY:13488274	60	38	89	74	37	24	47	153	21	33	50	41
chrY:13488278	15	3	10	10	5	3	9	22	1	1	12	7
chrY:13488279	94	55	151	86	61	44	78	161	34	69	91	59
chrY:13488292	39	7	29	13	21	21	23	53	8	27	22	14
chrY:13488293	11	19	33	16	10	15	23	37	10	34	10	21
chrY:13488298	30	3	15	13	5	5	17	31	2	4	16	6
chrY:13488299	80	49	122	63	38	38	60	102	23	70	73	41
chrY:13488303	28	4	18	14	5	4	12	32	2	6	15	7
chrY:13488304	52	43	108	54	40	38	54	122	22	63	41	47
chrY:13488305	13	3	10	10	4	3	6	20	0	1	10	7
chrY:13488306	4	2	3	3	4	1	2	15	2	1	2	1
chrY:13488312	45	8	16	7	4	3	18	3	3	7	9	3
chrY:13488313	86	42	142	70	56	42	64	154	31	91	75	57
chrY:13488324	27	4	10	6	2	0	13	0	1	6	9	2
chrY:13488337	28	5	11	7	3	1	15	0	2	6	10	3
chrY:13488338	0	0	0	0	0	0	0	0	0	0	0	1
chrY:13488355	26	6	10	5	3	1	16	0	2	6	9	2
chrY:13488356	1	0	0	0	0	0	1	1	0	2	0	1
chrY:13488369	0	0	0	3	0	0	0	0	0	0	0	0
chrY:13488370	1	3	3	0	1	0	2	0	0	3	0	1
chrY:13488372	0	0	0	5	0	0	0	0	0	0	0	0
chrY:13488373	1	0	0	0	0	0	1	1	0	1	0	1
chrY:13488398	1	0	0	1	0	0	0	0	0	0	0	0
chrY:13488399	0	2	6	8	3	0	3	1	0	3	0	0
chrY:13488455	12	7	11	7	8	4	26	6	5	4	7	5
chrY:13488456	10	7	11	8	9	4	13	0	5	8	15	1
chrY:13488473	7	4	9	6	2	3	23	4	5	3	8	3
chrY:13488474	1	0	0	0	0	1	0	0	0	0	1	0
chrY:13488477	11	6	10	5	8	5	30	7	4	3	9	6
chrY:13488478	0	0	0	0	0	1	0	1	0	0	0	0
chrY:13488479	6	2	4	3	5	3	14	2	0	2	5	4
chrY:13488480	0	0	0	0	0	0	0	0	0	0	0	0
chrY:13488489	12	6	10	5	8	5	26	7	5	3	9	6
chrY:13488490	1	0	0	11	0	0	0	0	0	0	0	0
chrY:13488503	9	5	9	2	6	4	27	7	4	3	5	5
chrY:13488504	8	0	6	1	4	9	20	28	10	12	13	9
chrY:13488513	0	0	0	1	0	0	0	1	0	0	0	0
chrY:13488514	18	11	10	15	8	10	29	27	21	31	20	6
chrY:13488533	14	5	16	19	8	10	22	31	4	8	27	10
chrY:13488534	22	12	27	27	11	17	41	45	28	41	24	18
chrY:13488540	14	5	13	17	5	7	18	25	3	5	17	8
chrY:13488541	18	12	19	24	12	11	42	39	24	42	26	16
chrY:13488546	7	5	9	12	6	2	13	19	0	1	23	6
chrY:13488547	10	4	7	2	3	12	23	38	12	19	19	10
chrY:13488555	2	1	3	0	3	2	2	0	1	7	2	1
chrY:13488556	28	15	28	28	15	21	50	59	29	47	32	22
chrY:13488558	1	0	3	0	0	1	1	0	0	4	3	0
chrY:13488560	2	1	1	0	1	0	0	0	0	6	2	1
chrY:13488569	1	0	3	0	2	1	1	0	0	6	3	1
chrY:13488588	1	0	3	0	0	1	1	0	0	3	2	0
chrY:13488589	0	0	0	3	0	0	0	0	0	0	0	0
chrY:13488599	1	1	0	0	1	1	0	0	0	5	1	1
chrY:13488600	0	0	0	0	0	0	0	0	0	0	1	0
chrY:13488642	38	21	23	23	13	14	84	4	14	30	51	27
chrY:13488649	51	41	91	47	41	24	110	5	18	48	89	42
chrY:13488655	49	33	77	44	39	21	82	4	12	46	80	29
chrY:13488676	53	37	74	61	33	21	70	2	12	41	63	31
chrY:13488678	26	8	15	26	13	11	43	1	12	28	28	10
chrY:13488708	36	9	27	12	11	9	28	10	10	25	16	7
chrY:13488713	7	0	5	5	2	1	5	3	3	3	12	2
chrY:13488733	15	1	7	0	3	1	9	5	6	8	11	4
chrY:13488737	80	140	83	52	61	53	179	72	61	59	109	43
chrY:13488738	7	0	4	0	2	1	5	3	3	6	13	3
chrY:13488755	17	54	31	15	17	18	88	35	23	29	49	21
chrY:13488756	19	13	12	17	10	2	18	89	8	5	25	16
chrY:13488779	17	11	5	4	11	1	22	12	5	6	12	4
chrY:13488780	24	8	14	13	16	2	34	88	17	6	22	16
chrY:13488788	75	81	57	40	45	26	137	67	48	33	82	29
chrY:13488789	53	13	27	18	25	11	41	120	26	17	31	24
chrY:13488794	21	6	9	18	13	4	24	31	7	4	9	16
chrY:13488795	59	13	32	18	24	10	36	115	26	16	32	27
chrY:13488805	13	10	28	40	13	19	71	49	9	5	37	25
chrY:13488806	2	2	0	0	1	0	2	4	0	2	1	0
chrY:13488815	0	0	0	0	0	0	0	1	0	0	4	1
chrY:13488816	1	0	0	0	0	1	4	0	0	1	0	0
chrY:13488821	0	0	0	0	0	1	12	6	1	2	10	1
chrY:13488822	1	0	0	2	0	0	2	2	0	0	1	0
chrY:13488826	22	12	27	40	24	14	67	70	16	8	35	28
chrY:13488827	1	0	0	1	0	0	1	0	1	0	1	0
chrY:13488839	13	4	2	11	2	2	18	7	1	5	3	3
chrY:13488840	2	0	0	3	0	0	2	1	1	0	1	0
chrY:13488849	9	5	3	5	2	3	18	7	1	5	2	3
chrY:13488850	0	0	0	14	0	0	0	2	1	0	0	0
chrY:13488851	11	4	6	13	2	5	22	10	5	9	7	5
chrY:13488852	0	0	0	15	0	0	0	1	0	0	0	0
chrY:13488870	4	5	4	12	2	3	21	7	3	6	4	3
chrY:13488871	15	8	55	0	19	24	27	30	27	49	28	32
chrY:13488878	10	4	6	14	2	3	19	10	4	6	7	4
chrY:13488879	24	6	71	15	31	38	32	67	42	67	41	40
chrY:13488905	0	0	0	11	1	0	0	1	0	0	2	0
chrY:13488906	54	28	113	22	48	60	47	83	59	91	62	48
chrY:13488912	2	0	1	0	1	0	2	0	0	0	4	1
chrY:13488913	25	14	26	17	24	29	16	57	31	39	31	14
chrY:13488914	2	1	1	0	1	0	3	1	1	0	0	2
chrY:13488915	6	3	22	5	3	2	5	1	4	2	11	10
chrY:13488929	0	0	0	0	0	0	2	0	1	0	0	1
chrY:13488930	7	3	19	6	2	1	5	1	5	1	13	7
chrY:13488968	11	3	10	12	5	5	14	38	8	2	9	9
chrY:13488969	0	0	0	0	1	0	0	2	0	0	0	0
chrY:13489003	14	18	27	9	19	12	46	46	18	14	27	14
chrY:13489004	90	20	74	69	30	47	79	94	28	37	61	28
chrY:13489031	16	21	27	21	13	9	32	18	6	6	25	8
chrY:13489032	202	92	87	165	65	61	171	240	44	39	130	46
chrY:13489033	10	10	17	15	0	4	14	11	7	4	14	9
chrY:13489034	94	23	72	75	24	29	98	97	26	34	61	26
chrY:13489042	2	4	9	10	1	4	12	0	1	1	10	5
chrY:13489043	0	1	2	0	0	1	1	0	0	1	0	0
chrY:13489058	8	5	2	81	4	2	12	12	7	3	12	1
chrY:13489059	290	114	153	233	95	89	263	302	61	68	199	84
chrY:13489061	3	1	0	39	0	1	2	3	0	2	3	1
chrY:13489062	3	0	1	4	0	0	1	2	0	0	2	1
chrY:13489073	4	4	4	62	4	0	10	4	4	2	11	3
chrY:13489074	3	0	1	7	0	2	1	2	0	0	0	2
chrY:13489085	415	542	585	241	249	562	690	338	347	676	320	200
chrY:13489086	1	0	0	7	0	2	0	0	0	0	1	1
chrY:13489090	250	299	288	131	125	297	321	139	214	345	177	91
chrY:13489091	432	322	269	92	164	263	270	360	222	352	205	142
chrY:13489094	308	402	468	225	185	422	536	268	250	501	240	157
chrY:13489095	575	394	383	219	221	444	395	571	282	496	302	226
chrY:13489110	36	253	47	10	16	313	138	11	209	366	38	13
chrY:13489111	130	261	80	74	46	273	124	142	204	394	72	46
chrY:13489136	224	325	271	146	128	349	334	244	182	390	140	110
chrY:13489137	1025	647	701	378	422	626	795	891	461	784	561	355
chrY:13489142	0	0	0	47	0	0	2	0	0	0	0	0
chrY:13489143	955	622	659	334	401	679	699	981	495	830	511	359
chrY:13489160	1	0	0	25	0	0	1	0	0	0	0	0
chrY:13489161	899	508	727	473	405	410	912	685	363	484	637	319
chrY:13489178	1	0	1	10	0	0	1	0	0	0	0	0
chrY:13489179	1085	601	805	687	436	422	1046	852	386	453	728	360
chrY:13489187	60	32	23	18	10	24	72	42	15	28	24	5
chrY:13489188	1348	846	1030	863	588	557	1304	1045	511	599	937	473
chrY:13489206	43	23	11	37	8	18	50	43	6	23	15	2
chrY:13489207	21	36	19	17	17	20	51	11	23	16	28	8
chrY:13489215	54	33	15	17	10	22	66	39	15	25	20	5
chrY:13489216	20	42	18	15	16	19	55	11	19	17	27	4
chrY:13489239	47	21	15	14	9	19	52	32	8	21	14	3
chrY:13489240	21	31	16	12	16	20	41	10	21	13	28	7
chrY:13489252	35	17	55	13	24	19	20	0	7	22	26	10
chrY:13489253	14	33	17	15	17	23	45	10	21	16	29	7
chrY:13489280	31	17	48	11	23	14	12	0	6	16	22	8
chrY:13489281	0	0	1	0	0	1	1	0	0	1	0	0
chrY:13489297	39	18	48	11	19	15	14	3	5	19	22	12
chrY:13489298	8	22	24	0	7	13	46	1	5	25	23	5
chrY:13489302	52	12	61	32	22	16	41	19	8	21	35	29
chrY:13489303	8	17	28	0	6	12	47	1	5	24	24	4
chrY:13489312	1	0	0	9	1	0	1	4	0	0	1	0
chrY:13489313	0	6	3	0	2	0	10	1	1	0	0	0
chrY:13489327	10	2	2	7	6	1	10	11	0	1	7	9
chrY:13489328	32	38	60	20	24	36	54	11	15	41	38	18
chrY:13910071	5	2	6	5	5	1	9	5	1	3	9	0
chrY:13910074	3	1	1	5	3	1	2	4	1	1	4	0
chrY:13910079	5	1	3	2	4	1	5	5	1	3	8	0
chrY:13910092	5	2	3	2	1	1	3	5	1	2	6	0
chrY:13910114	5	2	3	6	4	1	8	5	0	3	8	0
chrY:13910115	0	0	0	4	0	0	0	0	0	0	0	0
chrY:13910155	1	0	10	5	1	0	6	1	0	1	1	2
chrY:13910158	3	0	5	3	1	0	4	1	0	0	1	1
chrY:13910172	4	2	8	7	2	3	4	10	1	1	3	2
chrY:13910173	3	0	12	6	1	0	10	1	0	1	2	4
chrY:13910186	4	2	7	6	2	2	3	9	1	1	2	1
chrY:13910187	0	0	0	2	0	0	0	0	0	0	0	0
chrY:13910188	2	0	2	5	2	0	2	8	1	1	2	1
chrY:13910189	0	0	0	3	0	0	0	0	0	0	0	0
chrY:13910191	3	2	8	6	2	3	4	9	1	1	2	1
chrY:13910192	0	0	0	3	0	0	0	6	0	0	0	0
chrY:13910197	4	2	8	7	2	2	3	9	0	1	2	2
chrY:13910198	4	1	2	4	4	0	3	5	2	0	4	1
chrY:13910207	4	2	6	7	2	3	2	9	1	1	2	2
chrY:13910208	5	1	2	4	2	1	4	5	2	0	4	1
chrY:13910219	4	2	8	7	2	2	3	8	1	1	3	2
chrY:13910220	4	1	2	4	4	1	2	4	2	0	4	1
chrY:13910221	4	2	5	7	1	3	4	6	1	1	2	2
chrY:13910222	5	1	1	4	3	1	2	3	2	0	3	1
chrY:13910227	3	2	8	7	2	3	6	9	1	1	3	2
chrY:13910228	3	0	2	2	2	1	4	4	2	0	3	1
chrY:13910244	3	0	2	3	3	1	4	4	2	0	4	1
chrY:13910248	9	0	5	5	1	1	13	10	1	1	8	3
chrY:13910249	3	1	1	4	3	1	1	5	2	0	3	1
chrY:13910277	7	2	6	5	1	1	10	10	0	1	7	2
chrY:13910278	0	0	0	9	0	0	0	0	0	0	0	0
chrY:13910279	10	2	5	5	3	1	10	8	1	0	5	2
chrY:13910280	0	0	0	5	0	0	0	0	0	0	0	0
chrY:13910290	10	3	9	7	3	2	12	8	1	1	6	2
chrY:13910291	6	2	7	9	6	2	7	7	1	3	2	3
chrY:13910301	5	1	6	2	1	2	5	7	0	0	5	1
chrY:13910302	2	0	5	4	4	2	3	3	1	2	2	3
chrY:13910313	0	0	0	8	0	0	0	0	0	0	0	0
chrY:13910314	6	2	8	7	5	2	6	2	1	4	2	4
chrY:13910325	7	2	9	10	6	2	8	8	1	4	3	4
chrY:13910332	7	2	8	7	5	2	6	7	1	3	1	4
chrY:13910338	1	3	4	0	1	1	1	0	2	0	2	0
chrY:13910339	7	2	8	10	6	2	8	5	1	4	3	4
chrY:13910349	1	3	3	1	1	0	1	0	2	0	1	0
chrY:13910351	1	3	3	1	1	0	2	0	2	0	2	0
chrY:13910366	1	1	4	1	1	1	2	0	1	0	2	0
chrY:13910377	0	3	1	1	0	1	1	0	2	0	3	0
chrY:13910383	1	3	4	1	0	1	1	0	2	0	3	0
chrY:13910395	0	0	0	1	0	0	0	0	0	0	0	0
chrY:13910407	0	0	0	0	0	0	0	0	0	0	0	0
chrY:13910465	0	1	0	0	0	0	0	0	0	0	0	0
chrY:13910468	0	0	0	0	0	0	0	0	0	0	0	0
chrY:14074241	0	0	0	0	0	0	0	0	0	0	0	0
chrY:14074253	0	0	0	0	1	0	0	0	0	0	0	0
chrY:14074266	0	0	0	0	0	0	0	0	0	0	0	0
chrY:14074268	1	2	0	0	0	2	0	0	0	0	0	0
chrY:14074269	0	0	0	0	1	0	0	0	0	0	0	0
chrY:14074279	1	2	0	0	0	2	0	0	0	1	0	0
chrY:14074280	0	2	0	0	0	0	0	0	0	0	0	0
chrY:14074292	11	3	2	4	3	3	3	10	1	1	2	0
chrY:14074293	0	1	0	0	0	1	0	0	2	0	0	0
chrY:14074321	7	2	0	2	0	1	2	4	0	0	2	0
chrY:14074322	0	2	1	2	1	1	1	1	1	0	0	0
chrY:14074325	8	0	0	3	2	0	0	7	1	0	2	0
chrY:14074326	0	1	1	4	1	0	1	2	2	0	0	0
chrY:14074329	14	5	11	6	8	7	15	23	4	9	3	6
chrY:14074330	0	1	1	5	2	1	1	1	2	0	0	0
chrY:14074346	12	4	6	1	3	5	5	12	0	6	0	4
chrY:14074347	10	2	5	5	2	4	11	13	0	7	3	3
chrY:14074354	13	3	8	3	6	6	9	16	2	8	3	5
chrY:14074355	9	5	9	7	1	8	13	18	3	16	4	4
chrY:14074359	7	3	4	3	4	2	8	13	1	6	2	5
chrY:14074360	5	3	2	4	0	5	16	23	2	9	4	2
chrY:14074362	6	3	7	5	5	0	5	12	3	7	2	4
chrY:14074363	6	4	5	5	2	3	16	21	3	10	6	3
chrY:14074371	4	2	4	0	2	0	1	8	1	2	2	4
chrY:14074372	4	3	3	0	1	2	6	13	0	5	2	2
chrY:14074395	6	5	9	9	2	4	13	18	4	16	3	2
chrY:14074396	6	4	7	5	3	7	17	21	2	15	7	3
chrY:14074406	5	2	3	5	3	5	6	18	6	15	2	1
chrY:14074407	0	0	0	2	0	0	0	0	0	0	0	0
chrY:14074417	6	2	7	2	1	3	7	16	3	12	1	1
chrY:14074418	2	4	8	4	0	1	7	5	5	12	6	1
chrY:14074460	0	0	0	4	0	0	0	0	0	0	0	0
chrY:14074461	4	2	6	6	1	3	9	4	5	4	4	3
chrY:14074472	10	6	13	3	2	1	17	0	1	6	12	3
chrY:14074473	4	2	6	8	0	4	14	4	6	11	4	2
chrY:14074480	6	6	5	1	1	1	9	0	1	5	6	3
chrY:14074516	15	4	9	3	2	1	18	0	1	8	13	3
chrY:14074522	14	0	4	0	1	0	8	0	3	2	3	2
chrY:14074531	0	0	0	0	0	0	0	0	0	0	0	0
chrY:14074554	0	0	0	13	0	0	0	0	0	0	0	0
chrY:14074556	0	0	0	9	0	0	0	0	0	0	0	0
chrY:14074568	28	11	23	20	2	15	29	1	11	19	25	9
chrY:14074578	14	9	11	7	0	6	20	0	12	15	10	5
chrY:14074580	10	8	5	3	0	0	15	0	9	11	6	4
chrY:14074594	11	0	1	7	0	0	0	1	6	11	12	1
chrY:14074613	2	6	0	0	0	0	5	0	1	1	2	0
chrY:14074614	4	8	14	10	3	7	24	1	7	10	15	7
chrY:14074652	0	4	0	0	1	0	1	0	3	1	1	0
chrY:14074653	0	2	0	1	0	0	3	1	0	1	1	0
chrY:14074658	5	2	1	0	1	0	4	0	3	2	0	0
chrY:14074659	5	0	0	0	0	1	2	2	0	1	6	0
chrY:14074690	6	2	2	3	3	8	6	2	5	0	6	0
chrY:14074696	6	2	3	4	3	8	12	2	10	0	10	1
chrY:14074719	0	0	0	2	0	0	0	0	0	0	0	0
chrY:14074735	7	1	6	4	1	3	11	6	9	6	4	1
chrY:14074742	8	6	9	4	0	4	9	4	7	6	10	1
chrY:14074745	4	2	6	0	0	2	6	1	3	1	4	1
chrY:14074747	5	5	6	5	0	5	9	3	5	5	8	0
chrY:14074774	3	3	5	4	1	5	10	5	6	6	8	2
chrY:14074779	5	6	5	2	0	4	12	5	5	4	9	2
chrY:14074786	4	1	8	2	3	1	4	13	2	1	1	5
chrY:14074787	4	6	6	5	1	4	1	6	3	5	4	1
chrY:14074817	2	0	7	5	2	1	4	9	1	2	1	2
chrY:14074818	0	0	0	0	0	0	0	0	0	0	1	0
chrY:14074841	1	1	3	2	1	0	6	6	0	3	2	1
chrY:14074842	0	0	0	0	0	1	0	0	0	0	1	0
chrY:14074858	0	0	0	0	0	0	0	0	0	1	1	0
chrY:14074860	0	0	0	0	1	1	0	1	0	3	4	1
chrY:14074861	0	0	0	0	0	1	0	0	0	1	3	0
chrY:14074863	0	0	1	0	1	1	0	0	0	1	1	1
chrY:14074864	0	0	0	1	0	0	1	0	0	0	0	0
chrY:14074865	0	0	2	0	2	0	0	0	1	0	1	1
chrY:14074866	0	0	0	1	0	0	2	0	1	1	0	0
chrY:14074873	0	0	2	0	2	1	0	2	1	3	4	1
chrY:14074874	0	0	1	1	0	1	1	0	2	3	0	0
chrY:14074875	0	0	2	0	2	1	0	2	1	3	2	1
chrY:14074876	0	0	0	1	0	1	1	0	2	2	0	0
chrY:14074883	0	0	1	0	2	1	0	1	0	3	3	1
chrY:14074884	0	2	1	1	0	1	2	0	1	4	1	0
chrY:14074885	0	0	1	0	1	1	0	0	0	2	1	1
chrY:14074886	0	1	0	0	0	1	1	0	1	2	0	0
chrY:14074896	0	1	0	0	2	1	0	1	0	3	4	1
chrY:14074897	0	2	1	0	0	1	2	0	2	4	1	0
chrY:14074906	0	0	2	0	1	1	0	0	0	2	3	1
chrY:14074907	0	2	1	0	0	0	1	0	3	3	1	0
chrY:14074912	0	0	0	0	0	1	0	0	1	3	4	1
chrY:14074913	0	2	1	1	0	1	1	0	3	4	1	0
chrY:14074918	0	2	1	0	0	1	0	0	3	4	1	0
chrY:14074936	0	2	0	0	0	0	0	0	0	1	0	0
chrY:16636006	7	5	4	7	0	1	1	7	6	0	0	0
chrY:16636007	0	0	0	0	0	0	0	0	0	0	0	0
chrY:16636014	5	2	3	7	0	1	2	4	1	0	0	0
chrY:16636015	1	0	2	0	1	0	2	3	0	0	0	0
chrY:16636030	1	0	0	0	0	0	0	2	0	0	0	0
chrY:16636031	0	0	0	0	1	0	1	0	0	0	0	0
chrY:16636042	1	0	0	0	0	0	1	2	0	0	0	0
chrY:16636043	1	0	0	0	0	0	1	1	0	0	0	0
chrY:16636046	0	0	0	0	0	0	0	0	1	0	0	0
chrY:16636047	0	0	1	1	1	1	4	2	0	0	1	0
chrY:16636292	0	0	0	0	0	0	0	0	0	0	0	0
chrY:16636488	0	0	0	0	0	0	0	0	0	0	0	0
chrY:16636507	0	0	0	0	0	0	0	0	0	0	0	0
chrY:16636537	0	0	0	0	0	0	0	0	0	0	0	0
chrY:16636554	0	0	0	0	0	0	0	0	0	0	0	0
chrY:16636560	0	0	0	0	0	0	0	0	0	0	0	0
chrY:16636562	0	0	0	0	0	0	0	0	0	0	0	0
chrY:16636566	4	4	0	0	0	2	7	8	2	4	0	0
chrY:16636567	0	0	0	0	0	0	0	0	0	0	0	0
chrY:16636574	0	0	1	0	0	0	1	2	0	1	0	0
chrY:16636614	0	0	0	0	0	0	0	1	0	0	0	0
chrY:16636615	0	0	0	0	0	0	0	0	0	0	0	0
chrY:16636657	0	0	0	0	0	0	0	0	0	0	1	0
chrY:16636658	0	2	0	0	0	0	0	0	0	0	0	0
chrY:16636664	0	0	0	0	0	0	0	0	0	0	0	0
chrY:16636676	0	0	0	0	0	0	0	0	0	0	0	0
chrY:16636678	0	0	0	0	0	0	0	0	0	0	0	0
chrY:16636684	0	0	0	0	0	0	0	0	0	0	0	0
chrY:16636697	0	0	0	0	0	0	0	0	0	0	0	0
chrY:16636713	0	0	0	0	0	0	0	0	0	0	0	0
chrY:16636747	0	0	0	0	0	0	0	0	0	0	0	0
chrY:16636759	0	0	0	0	0	0	0	0	0	0	0	0
chrY:16636801	0	0	0	0	0	0	0	0	0	0	1	0
chrY:16636808	0	0	0	0	0	0	1	0	0	1	0	0
chrY:16636815	2	1	0	1	1	3	1	6	6	6	0	0
chrY:16636816	5	1	1	0	0	3	5	0	2	2	0	0
chrY:16636833	0	0	0	0	0	0	1	1	0	0	0	0
chrY:16636834	0	0	0	0	0	0	1	3	0	0	0	0
chrY:16636836	0	0	0	0	0	0	0	1	1	0	0	0
chrY:16636837	0	0	0	0	0	0	0	1	0	0	0	0
chrY:16636852	0	1	0	0	0	0	1	8	0	0	0	0
chrY:16636853	1	0	0	0	0	0	0	3	0	0	0	0
chrY:16636857	0	0	0	0	0	0	0	5	1	0	1	0
chrY:16636858	1	0	1	0	0	0	0	3	0	0	0	0
chrY:16636859	4	4	4	3	1	3	0	6	0	0	0	0
chrY:16636860	3	2	2	1	1	2	1	3	0	0	0	0
chrY:16636868	3	3	4	3	2	2	0	5	0	0	0	0
chrY:16636869	3	2	3	1	1	2	1	3	0	0	0	0
chrY:16636874	2	4	0	2	0	1	0	5	1	1	0	0
chrY:16636875	6	5	2	1	2	2	1	7	3	3	0	0
chrY:16636888	0	0	0	0	0	0	0	0	0	0	1	0
chrY:16636889	0	0	0	0	0	0	0	1	0	0	0	0
chrY:16636893	0	0	0	1	0	0	0	1	0	0	0	0
chrY:16636894	0	0	0	0	0	0	0	0	0	0	0	0
chrY:16636895	0	0	0	0	0	0	0	1	0	0	0	0
chrY:16636896	0	0	0	1	0	0	0	1	0	0	0	0
chrY:16636897	0	0	0	0	0	0	1	2	0	0	0	0
chrY:16636898	0	0	0	0	0	0	0	1	0	0	0	0
chrY:16636905	1	2	0	0	1	3	2	4	2	2	0	0
chrY:16636906	2	1	0	0	1	0	2	2	2	0	0	0
chrY:16636915	1	0	0	0	0	0	0	6	0	0	0	0
chrY:16636916	1	0	0	1	0	0	0	11	0	0	0	0
chrY:16636936	0	0	0	0	0	0	0	8	0	0	0	0
chrY:16636937	0	0	0	0	0	1	0	12	0	0	0	0
chrY:16636939	0	0	0	0	0	0	1	4	0	0	0	0
chrY:16636940	0	0	0	0	0	1	0	1	0	0	0	0
chrY:16636964	3	2	0	0	0	1	4	0	2	2	1	0
chrY:16636965	0	3	1	0	2	4	3	6	2	6	0	0
chrY:16636972	0	0	1	0	0	1	1	0	0	0	0	0
chrY:16636978	0	0	1	0	0	0	0	0	0	0	0	0
chrY:16636984	0	0	0	0	0	0	1	0	0	0	0	0
chrY:16636990	1	0	0	0	0	0	1	0	0	0	1	0
chrY:21238513	0	0	0	0	0	0	0	0	0	0	0	0
chrY:21238545	0	0	0	0	0	0	0	0	0	0	0	0
chrY:21238567	0	0	0	0	0	0	0	0	0	0	0	0
chrY:21238568	0	0	0	0	0	0	0	0	0	0	0	0
chrY:21238588	0	0	0	0	0	0	0	0	0	0	0	0
chrY:21238589	0	0	0	0	0	0	0	0	0	0	0	0
chrY:21238594	1	1	0	0	0	2	0	3	0	3	0	0
chrY:21238595	1	0	0	0	0	0	1	0	0	0	0	0
chrY:21238608	0	0	0	0	0	0	0	0	0	0	0	0
chrY:21238609	0	0	0	0	0	0	0	0	0	0	0	0
chrY:21238642	0	0	0	0	0	0	0	0	0	0	0	0
chrY:21238643	0	0	0	0	0	0	0	0	0	0	0	0
chrY:21238651	0	0	0	0	0	0	0	0	0	0	0	0
chrY:21238652	0	0	0	0	0	0	0	0	0	0	0	0
chrY:21238656	0	0	0	0	0	0	0	0	0	1	1	0
chrY:21238657	2	0	0	0	0	0	0	2	2	2	0	0
chrY:21238666	0	0	0	0	0	0	0	0	0	0	0	0
chrY:21238670	0	0	0	0	0	0	1	0	0	0	0	0
chrY:21238675	0	0	0	0	0	0	0	0	0	0	0	0
chrY:21238682	0	0	0	0	0	0	0	0	0	0	0	0
chrY:21238688	0	0	0	0	0	0	0	0	0	0	0	0
chrY:21238702	0	0	0	0	0	0	0	0	0	0	0	0
chrY:21238705	0	0	0	0	0	0	0	0	0	0	0	0
chrY:21238710	1	0	0	0	0	0	0	0	0	0	0	0
chrY:21238734	0	0	0	2	0	0	0	0	0	0	0	0
chrY:21238761	3	1	2	2	0	2	0	0	0	0	0	0
chrY:21238770	3	2	6	3	2	3	1	0	1	2	0	0
chrY:21238788	2	1	2	2	0	3	0	0	0	0	0	0
chrY:21238797	2	1	2	1	0	2	0	0	0	0	0	0
chrY:21238802	5	5	2	2	1	2	3	0	2	1	0	0
chrY:21238803	4	1	2	2	0	4	1	2	2	2	0	0
chrY:21238844	3	2	1	1	1	1	0	0	0	0	0	0
chrY:21238845	3	1	3	1	1	2	0	0	0	0	0	0
chrY:21238874	3	1	3	1	1	2	0	0	0	0	0	0
chrY:21238876	2	1	3	1	0	1	0	0	0	0	0	0
chrY:21238878	3	1	3	1	0	1	0	0	0	0	0	0
chrY:21238886	3	2	1	2	1	1	0	0	3	3	0	0
chrY:21238887	3	3	6	2	1	5	4	1	3	2	2	0
chrY:21238918	2	1	1	1	0	1	0	0	0	0	0	0
chrY:21238919	3	1	1	2	1	1	0	0	2	0	0	0
chrY:21238921	1	1	2	1	0	0	0	0	0	0	0	0
chrY:21238922	3	1	1	1	1	2	1	0	0	0	0	0
chrY:21238938	2	0	2	1	1	0	0	0	0	0	0	0
chrY:21238939	3	1	2	2	1	1	0	0	0	0	0	0
chrY:21238949	0	0	0	1	0	0	0	0	0	0	0	0
chrY:21238950	3	1	1	1	1	1	0	0	0	0	0	0
chrY:21238957	1	1	2	1	0	0	0	1	2	0	0	0
chrY:21238958	4	1	2	2	1	6	5	3	4	5	0	1
chrY:21238960	1	0	1	1	0	0	0	0	0	0	0	0
chrY:21238961	3	1	2	1	1	2	0	0	0	0	0	0
chrY:21238968	1	0	2	1	1	0	0	0	1	0	0	0
chrY:21238969	3	1	2	1	1	1	0	0	0	0	0	0
chrY:21238971	1	0	1	1	0	0	0	0	0	0	0	0
chrY:21238972	3	0	2	1	1	2	0	0	0	1	0	0
chrY:21238976	1	0	2	1	1	0	0	0	0	0	0	0
chrY:21238977	2	1	1	1	1	3	0	0	0	0	1	0
chrY:21238978	1	0	2	1	0	0	0	0	0	0	0	0
chrY:21238979	3	1	2	2	1	1	0	0	0	0	0	0
chrY:21238982	1	0	1	1	0	1	0	0	0	0	0	0
chrY:21238983	2	0	2	2	1	1	0	0	0	1	0	0
chrY:21238998	1	0	2	1	1	0	0	0	0	0	0	0
chrY:21238999	3	0	2	1	1	1	0	0	0	0	0	0
chrY:21239003	1	0	2	1	1	1	0	0	0	0	0	0
chrY:21239004	2	1	1	1	1	1	0	0	0	0	0	0
chrY:21239006	1	0	1	1	0	0	0	0	0	0	0	0
chrY:21239007	2	0	1	1	1	1	0	0	0	0	1	0
chrY:21239014	2	0	2	1	1	1	1	0	1	6	0	1
chrY:21239015	2	1	2	2	1	6	1	3	5	1	1	2
chrY:21239017	2	0	2	2	1	1	0	0	0	0	0	0
chrY:21239020	2	0	2	2	0	1	0	0	0	0	0	0
chrY:21239026	2	1	2	1	1	1	0	0	0	0	0	0
chrY:21239031	2	0	3	2	0	1	0	0	0	0	0	0
chrY:21239039	2	0	2	1	1	1	0	0	0	0	0	0
chrY:21239050	2	1	2	1	1	1	0	0	0	0	0	0
chrY:21239061	2	0	2	2	1	1	0	0	0	0	0	0
chrY:21239068	1	1	2	1	0	1	0	0	0	0	0	0
chrY:21239076	0	0	0	1	0	0	0	0	0	0	0	0
chrY:21239090	0	0	0	0	0	0	0	0	0	0	0	0
chrY:21239097	0	0	0	0	0	0	0	0	0	0	0	0
chrY:21239103	0	0	0	0	0	0	0	0	0	0	0	0
chrY:21239105	0	0	0	0	0	0	0	0	0	0	0	0
chrY:21239117	0	0	0	0	0	0	0	0	0	0	0	0
chrY:21239144	0	0	0	0	0	0	0	0	0	0	0	0
chrY:21239154	1	0	0	0	2	1	3	1	1	3	1	0
chrY:21239155	0	0	1	1	0	3	0	0	4	4	0	0
chrY:21239160	0	0	0	0	0	0	0	0	0	0	0	0
chrY:21239161	0	0	1	0	0	0	0	0	1	0	0	0
chrY:21239181	0	0	0	0	0	0	0	0	0	0	0	0
chrY:21239182	0	0	0	0	0	0	0	0	0	0	0	0
chrY:21239211	0	0	0	0	0	0	0	0	0	0	0	0
chrY:21239212	0	1	0	0	0	0	0	0	0	0	0	0
chrY:21239216	0	0	0	0	0	0	0	0	0	0	0	0
chrY:21239217	2	2	1	0	0	0	3	3	6	0	1	1
chrY:21239219	0	0	0	0	0	0	0	0	0	0	0	0
chrY:21239260	0	0	0	0	0	0	0	0	0	0	0	0
chrY:21239448	0	0	0	0	0	0	0	0	0	0	0	0
chrY:21239462	0	0	0	0	0	0	0	0	0	0	0	0
chrY:21239477	0	0	0	0	0	0	0	0	0	0	0	0
chrY:21239484	1	0	0	0	0	0	0	0	0	1	0	0
chrY:21239485	0	0	0	0	0	0	0	0	0	0	0	0
chrY:21239492	0	1	0	0	0	0	0	0	0	0	0	0
chrY:21239502	0	1	0	0	0	0	0	0	0	0	0	0
chrY:21239508	0	0	0	0	0	0	0	0	0	0	0	0
chrY:21239550	0	0	0	0	0	0	0	0	0	0	0	0
chrY:21239644	0	0	0	0	0	0	0	0	0	0	0	0
chrY:21239647	0	0	0	0	0	0	1	0	0	0	0	0
chrY:21239654	0	0	0	0	0	0	1	0	0	0	0	0
chrY:21239659	0	0	0	0	0	0	1	0	0	0	0	0
chrY:21239682	0	0	0	0	0	0	1	0	0	0	0	0
chrY:21239689	0	0	0	0	0	0	1	0	0	0	0	0
chrY:21239693	0	0	0	0	0	0	1	0	0	0	0	0
chrY:21239697	0	0	0	0	0	0	0	0	1	0	0	0
chrY:21239698	0	0	0	0	0	0	1	0	0	0	0	0
chrY:21239719	5	5	0	1	1	2	5	3	10	8	1	0
chrY:21239739	0	1	0	0	0	1	1	0	0	0	0	0
chrY:21239740	0	0	0	0	0	0	0	0	0	0	0	0
chrY:21239766	0	1	0	0	0	0	1	1	0	0	0	0
chrY:21239767	0	0	0	0	0	0	1	0	0	1	0	0
chrY:21239769	0	1	1	0	0	0	1	0	0	1	0	0
chrY:21239770	0	0	0	0	0	0	1	0	0	1	0	0
chrY:21239772	0	1	0	0	0	0	0	0	0	0	0	0
chrY:21239773	0	0	0	0	0	0	1	0	0	1	0	0
chrY:21239795	0	0	1	0	0	0	1	0	0	2	0	0
chrY:21239800	0	0	0	0	0	0	1	0	0	2	0	0
chrY:21239808	0	0	0	0	0	0	0	0	0	0	0	0
chrY:21239809	0	2	0	0	0	0	5	0	3	3	0	0
chrY:21239823	0	0	0	0	0	0	0	0	0	0	0	0
chrY:21239825	0	0	0	0	0	0	0	0	0	0	0	0
chrY:21239839	0	0	0	0	0	0	0	0	0	0	0	0
chrY:21239841	0	0	0	0	0	0	0	0	0	0	0	0
chrY:21239849	0	0	0	0	0	0	0	0	0	0	0	0
chrY:21239861	0	0	0	0	0	0	0	0	0	0	0	0
chrY:21664658	0	0	0	0	0	0	0	0	0	0	0	0
chrY:21664670	0	0	0	0	0	1	0	0	0	0	0	0
chrY:21664676	0	0	0	0	0	1	0	0	0	0	0	0
chrY:21664679	0	0	0	0	0	1	0	0	0	0	0	0
chrY:21664682	0	0	0	0	0	1	0	0	0	0	0	0
chrY:21664688	0	0	0	0	0	0	0	0	0	0	0	0
chrY:21664689	0	0	0	0	0	1	0	0	0	0	0	0
chrY:21664704	0	0	0	0	0	1	0	0	0	0	0	0
chrY:21664717	0	0	0	0	0	0	0	0	0	0	0	0
chrY:21664927	0	0	0	0	0	0	0	0	0	0	0	0
chrY:21664951	0	0	0	0	0	0	0	0	0	0	0	0
chrY:21664966	0	0	0	0	0	0	0	0	0	0	0	0
chrY:21664971	7	5	7	6	0	5	14	0	1	0	3	0
chrY:21664972	0	0	0	0	0	0	0	0	0	0	0	0
chrY:21664979	5	4	9	4	0	2	11	1	1	0	3	0
chrY:21665003	4	4	8	5	0	4	9	1	0	0	0	0
chrY:21665007	5	6	7	5	0	3	8	1	2	0	0	0
chrY:21665021	5	5	6	4	0	3	9	1	1	0	0	0
chrY:21665022	0	0	0	5	0	0	0	0	0	0	0	0
chrY:21665023	5	5	7	5	1	3	5	1	2	0	0	0
chrY:21665024	0	0	0	6	0	0	0	0	0	0	0	0
chrY:21665026	4	6	7	4	1	2	10	1	2	0	0	0
chrY:21665027	6	6	9	5	2	2	14	5	0	2	3	0
chrY:21665028	0	0	0	4	0	0	0	1	0	0	0	0
chrY:21665029	0	3	4	4	2	1	16	5	1	3	6	0
chrY:21665045	1	5	2	4	2	1	15	5	1	3	5	0
chrY:21665053	1	4	3	3	2	1	16	5	1	4	5	0
chrY:21665055	2	3	4	2	1	1	13	6	0	3	3	0
chrY:21665063	0	5	4	3	1	2	16	5	1	2	7	0
chrY:21729160	9	0	6	3	1	3	4	3	2	4	1	0
chrY:21729166	5	1	5	2	1	2	0	0	0	0	0	0
chrY:21729187	0	0	0	0	0	0	0	0	0	0	0	0
chrY:21729188	0	0	0	0	0	0	0	0	0	0	0	0
chrY:21729195	0	0	0	0	0	0	0	0	0	0	0	0
chrY:21729196	0	0	0	0	0	0	0	0	0	0	0	0
chrY:21729214	0	0	0	0	0	0	0	0	0	0	0	0
chrY:21729215	0	0	0	0	0	0	0	0	0	0	0	0
chrY:21729216	1	0	0	0	0	0	0	0	0	0	0	0
chrY:21729217	0	0	0	0	0	0	0	0	0	0	0	0
chrY:21729236	0	0	0	0	0	0	0	0	0	0	0	0
chrY:21729251	0	0	0	0	0	0	0	0	0	0	0	0
chrY:21729252	0	2	0	0	0	0	4	0	2	2	0	0
chrY:21729262	0	0	0	0	0	0	0	0	0	0	0	0
chrY:21729274	0	0	0	0	0	0	0	0	0	0	0	0
chrY:21729279	0	0	0	0	0	0	0	0	0	0	0	0
chrY:21729298	0	0	0	0	0	0	0	0	0	0	0	0
chrY:21729484	0	0	0	0	0	0	0	0	0	0	0	0
chrY:21729486	0	0	0	0	0	0	0	0	0	0	0	0
chrY:21729496	0	0	0	0	0	0	0	0	0	0	0	0
chrY:21729526	0	0	0	0	0	0	0	0	0	0	0	0
chrY:21729529	0	0	0	0	0	0	0	0	0	0	0	0
chrY:21729539	2	1	0	0	0	3	4	0	1	4	1	0
chrY:21729540	0	0	0	0	0	0	0	0	0	0	0	0
chrY:21729555	0	0	0	0	0	0	0	0	0	0	0	0
chrY:23566573	0	0	0	0	0	0	1	0	0	0	0	0
chrY:23566577	0	0	0	0	0	0	1	0	0	0	0	0
chrY:23566598	6	3	4	6	0	2	11	19	3	4	7	2
chrY:23566614	7	3	5	7	0	3	10	18	3	4	6	3
chrY:23566615	0	0	0	4	0	0	0	0	0	0	0	0
chrY:23566626	7	2	5	6	0	3	11	17	3	4	7	3
chrY:23566627	1	3	6	3	3	1	2	1	1	0	4	1
chrY:23566663	0	0	0	7	0	0	0	0	0	0	0	0
chrY:23566664	1	1	6	4	3	1	1	1	1	1	4	1
chrY:23566674	1	2	6	4	3	0	2	1	1	1	4	1
chrY:23566679	0	0	0	0	0	0	0	1	0	0	1	0
chrY:23566680	1	3	6	4	3	1	2	1	1	1	4	1
chrY:23566688	0	0	0	0	0	0	0	1	0	0	1	0
chrY:23566701	0	0	0	0	0	0	0	1	0	0	1	0
chrY:23566714	0	0	0	0	0	0	0	1	0	0	1	0
chrY:23566720	0	0	0	0	0	0	0	1	0	0	1	0
chrY:23566727	0	0	0	0	0	0	0	1	0	0	1	0
chrY:23566730	0	0	0	0	0	0	0	1	0	0	1	0
