chrY:2802986	1	0	0	0	0	0	0	0	0	0	2	0
chrY:2802999	1	0	0	0	0	0	0	0	0	0	2	0
chrY:2803033	1	1	0	8	0	2	1	7	1	0	1	1
chrY:2803034	1	0	0	0	0	0	0	0	0	0	2	0
chrY:2803059	10	7	16	17	4	10	32	4	23	20	10	3
chrY:2803060	2	3	0	3	0	1	4	3	2	0	3	0
chrY:2803064	10	7	16	17	4	10	32	4	23	20	10	3
chrY:2803070	10	7	16	17	4	10	32	4	23	20	10	3
chrY:2803082	10	7	16	17	4	10	32	4	23	20	10	3
chrY:2803097	9	7	16	17	4	10	32	3	23	20	10	3
chrY:2803105	10	7	16	17	4	10	32	4	23	20	10	3
chrY:2803106	0	0	0	5	0	0	0	0	0	0	0	0
chrY:2803120	0	0	0	17	0	0	0	0	0	0	0	0
chrY:2803121	11	8	11	5	2	5	16	0	8	2	2	1
chrY:2803123	0	0	0	17	0	0	0	0	0	0	0	0
chrY:2803124	11	8	11	5	2	6	17	0	8	2	2	1
chrY:2803127	0	0	0	17	0	0	0	0	0	0	0	0
chrY:2803128	9	7	8	5	2	6	13	0	7	1	2	1
chrY:2803130	10	8	11	5	2	6	17	0	8	2	2	1
chrY:2803132	11	8	11	5	2	6	17	0	8	2	2	1
chrY:2803145	11	8	11	5	2	6	17	0	8	2	2	1
chrY:2803153	11	8	12	5	2	6	17	0	10	3	2	1
chrY:2803168	7	8	5	3	2	7	19	8	6	0	4	3
chrY:2803169	11	8	12	5	2	6	17	0	10	3	2	1
chrY:2803180	7	8	5	3	2	7	19	8	6	0	4	3
chrY:2803181	5	8	5	7	2	5	8	17	7	1	9	1
chrY:2803203	0	0	0	0	0	0	0	0	2	0	0	0
chrY:2803204	5	8	5	7	2	5	8	17	7	1	9	1
chrY:2803209	0	0	0	0	0	0	0	0	2	0	0	0
chrY:2803210	0	0	0	0	0	0	0	0	2	0	0	0
chrY:2803214	0	0	0	0	0	0	0	0	2	0	0	0
chrY:2803215	0	0	0	0	0	0	0	0	2	0	0	0
chrY:2803220	0	0	0	0	0	0	0	0	3	0	0	0
chrY:2803221	0	0	0	0	0	0	0	0	2	0	0	0
chrY:2803223	0	0	0	0	0	0	0	0	3	0	0	0
chrY:2803224	0	0	0	0	0	0	0	0	2	0	0	0
chrY:2803226	0	0	0	0	0	0	0	0	1	0	0	0
chrY:2803227	0	0	0	0	0	0	0	0	2	0	0	0
chrY:2803231	0	0	0	0	0	0	0	0	4	0	0	0
chrY:2803232	0	0	0	0	0	0	0	0	2	0	0	0
chrY:2803236	0	0	0	0	0	0	0	0	4	0	0	0
chrY:2803239	0	0	0	0	0	0	0	0	4	0	0	0
chrY:2803251	7	4	4	2	2	4	3	1	14	5	4	4
chrY:2803252	1	0	0	0	0	0	0	0	0	2	0	1
chrY:2803255	7	4	4	2	2	4	3	1	14	5	4	4
chrY:2803256	17	5	6	11	6	9	19	29	9	15	10	7
chrY:2803278	7	4	4	2	2	4	3	1	13	5	4	4
chrY:2803279	17	5	6	11	6	9	18	29	9	15	10	7
chrY:2803301	0	0	0	0	0	0	0	0	0	1	0	2
chrY:2803302	17	5	6	11	6	9	19	29	9	15	10	7
chrY:2803338	12	11	1	1	2	7	6	1	7	3	6	2
chrY:2803351	12	11	1	1	2	7	6	1	7	3	6	2
chrY:2803352	0	0	0	11	0	0	0	0	0	0	0	0
chrY:2803367	12	11	1	1	2	7	6	1	7	3	6	2
chrY:2803368	17	9	10	11	7	6	12	24	13	8	7	4
chrY:2803373	12	11	1	1	2	7	6	1	7	3	6	2
chrY:2803374	17	9	10	11	7	6	12	24	13	8	7	4
chrY:2803393	12	9	1	1	2	6	6	1	7	2	6	2
chrY:2803394	14	8	9	11	6	6	10	22	12	8	7	4
chrY:2803397	0	0	0	1	0	0	0	0	0	0	0	0
chrY:2803398	16	9	9	11	7	6	12	24	12	8	7	4
chrY:2803409	0	0	0	0	0	0	0	0	1	0	0	0
chrY:2803410	17	9	10	11	7	6	12	24	13	8	7	4
chrY:2803416	0	0	0	0	2	0	0	0	2	3	1	0
chrY:2803417	0	1	0	0	0	1	0	0	5	2	0	0
chrY:2803440	0	0	0	0	2	0	0	0	2	3	1	0
chrY:2803454	0	0	0	0	2	0	0	0	2	3	1	0
chrY:2803457	0	0	0	0	2	0	0	0	2	3	1	0
chrY:2803463	0	0	0	0	2	0	0	0	2	3	1	0
chrY:2803466	0	0	0	0	2	0	0	0	1	3	1	0
chrY:2803470	0	0	0	0	2	0	0	0	1	3	1	0
chrY:2803556	2	0	0	0	0	1	1	0	2	5	0	0
chrY:2803559	2	0	0	0	0	1	1	0	2	5	0	0
chrY:2803564	2	0	0	0	0	1	1	0	2	5	0	0
chrY:2803571	2	0	0	0	0	1	1	0	2	5	0	0
chrY:2803579	2	0	0	0	0	1	1	0	2	5	0	0
chrY:2803581	2	0	0	0	0	1	1	0	2	5	0	0
chrY:2803589	2	0	0	0	0	1	1	0	2	5	0	0
chrY:2803592	22	6	23	18	6	19	13	1	7	15	21	4
chrY:2803593	1	0	0	0	0	1	0	0	1	4	0	0
chrY:2803595	22	6	23	18	6	19	13	1	7	15	21	4
chrY:2803600	22	6	23	18	6	19	13	1	7	15	21	4
chrY:2803604	22	6	23	18	6	19	13	1	7	15	21	4
chrY:2803607	22	6	23	18	6	19	13	1	7	15	21	4
chrY:2803610	22	6	23	18	6	19	13	1	7	15	21	4
chrY:2803621	22	6	23	18	6	19	13	1	7	15	21	4
chrY:2803630	22	6	23	18	6	19	13	1	7	15	21	4
chrY:2803667	0	0	0	6	0	0	0	0	0	0	0	0
chrY:2803673	13	9	19	6	4	6	9	0	2	6	16	11
chrY:2803681	13	9	19	6	4	6	9	0	2	6	16	11
chrY:2803692	13	9	19	6	4	6	9	0	2	6	16	11
chrY:2803712	13	9	19	6	4	6	9	0	2	6	16	11
chrY:2803716	13	9	19	6	4	6	9	0	2	6	16	11
chrY:2803723	29	19	30	13	6	18	47	33	26	11	28	6
chrY:2803724	13	9	19	6	4	6	9	0	2	6	16	11
chrY:2803749	29	19	30	13	6	18	47	33	26	11	28	6
chrY:2803760	29	19	30	13	6	18	47	33	26	11	28	6
chrY:2803761	0	0	0	5	0	0	0	0	0	0	0	0
chrY:2803764	29	19	30	13	6	18	47	33	26	11	28	6
chrY:2803765	7	15	3	5	1	3	22	1	4	3	7	1
chrY:2803773	28	18	30	13	6	18	46	33	26	11	28	6
chrY:2803774	7	15	3	5	1	3	22	1	4	3	7	1
chrY:2803778	29	19	30	13	6	17	47	33	26	11	28	6
chrY:2803779	7	15	3	5	1	3	22	1	4	3	7	1
chrY:2803784	0	0	0	12	0	0	0	0	0	0	0	0
chrY:2803785	7	15	3	5	1	3	22	1	4	3	7	1
chrY:2803792	0	0	0	8	0	0	0	0	0	0	0	0
chrY:2803793	7	15	3	5	1	3	22	1	4	3	7	1
chrY:2803806	7	15	3	5	1	3	22	1	4	3	7	1
chrY:2803819	2	9	9	3	5	0	0	0	9	18	3	0
chrY:2803820	7	15	3	5	1	3	22	1	4	3	7	1
chrY:2803842	2	9	9	3	5	0	0	0	9	18	3	0
chrY:2803857	2	9	9	3	5	0	0	0	9	18	3	0
chrY:2803859	2	9	9	3	5	0	0	0	9	18	3	0
chrY:2803875	2	9	9	3	5	0	0	0	9	18	3	0
chrY:2804000	0	1	0	0	0	0	0	0	0	0	0	0
chrY:2804018	0	1	0	0	0	0	0	0	0	0	0	0
chrY:2804021	0	1	0	0	0	0	0	0	0	0	0	0
chrY:2804024	0	1	0	0	0	0	0	0	0	0	0	0
chrY:2804027	0	1	0	0	0	0	0	0	0	0	0	0
chrY:2804030	0	1	0	0	0	0	0	0	0	0	0	0
chrY:2804036	0	1	0	0	0	0	0	0	0	0	0	0
chrY:2804044	2	1	12	1	0	3	2	0	4	4	2	2
chrY:2804045	0	1	0	0	0	0	0	0	0	0	0	0
chrY:2804047	2	1	12	1	0	3	2	0	4	4	2	2
chrY:2804049	2	1	12	1	0	3	2	0	4	4	2	2
chrY:2804052	2	1	12	1	0	3	2	0	4	4	2	2
chrY:2804055	2	1	12	1	0	3	2	0	4	4	2	2
chrY:2804063	2	1	12	1	0	3	2	0	4	4	2	2
chrY:2804073	2	1	12	1	0	3	2	0	4	4	2	2
chrY:2804079	2	1	12	1	0	3	2	0	4	4	2	2
chrY:2804090	2	1	12	1	0	3	2	0	4	4	2	2
chrY:2804106	0	0	0	1	0	0	0	0	0	0	0	0
chrY:2804196	18	3	21	17	4	6	9	0	9	16	8	2
chrY:2804202	18	3	21	17	4	6	8	0	9	16	8	2
chrY:2804219	18	3	21	17	4	6	10	0	9	16	8	2
chrY:2804225	18	3	21	17	4	6	10	0	9	16	8	2
chrY:2804229	18	3	21	17	4	6	10	0	9	16	8	2
chrY:2804233	18	3	21	17	4	6	10	0	9	16	8	2
chrY:2804237	18	3	21	17	4	6	10	0	9	16	8	2
chrY:2804239	1	1	0	0	0	3	2	0	3	0	1	0
chrY:2804240	18	3	21	17	4	6	10	0	9	16	8	2
chrY:2804250	1	1	0	0	0	3	2	0	3	0	1	0
chrY:2804251	1	1	0	1	1	2	1	3	2	0	0	1
chrY:2804260	1	1	0	0	0	3	2	0	3	0	1	0
chrY:2804261	1	1	0	1	1	2	1	3	2	0	0	1
chrY:2804267	1	1	0	1	1	2	1	3	2	0	0	1
chrY:6114210	1	1	2	0	1	0	1	0	0	1	1	0
chrY:6114231	1	1	3	0	1	0	1	0	0	1	1	0
chrY:6114234	1	1	3	0	1	0	1	0	0	1	1	0
chrY:6114245	1	1	3	0	1	0	1	0	0	1	1	0
chrY:6114256	1	3	3	0	1	0	1	0	0	1	1	0
chrY:6114264	2	3	3	0	1	0	1	0	0	1	1	0
chrY:6114272	11	19	19	13	6	3	24	18	3	0	7	1
chrY:6114274	11	19	19	13	6	3	24	18	3	0	7	1
chrY:6114276	11	19	19	13	6	3	25	18	3	0	7	1
chrY:6114293	11	19	19	13	6	3	25	18	3	0	7	1
chrY:6114305	11	19	19	13	6	3	25	18	3	0	7	1
chrY:6114459	0	0	0	3	0	0	0	0	0	0	0	0
chrY:6114479	0	0	0	3	0	0	0	0	0	0	0	0
chrY:6114497	0	0	0	3	0	0	0	0	0	0	0	0
chrY:6114524	0	0	0	3	0	0	0	0	0	0	0	0
chrY:9745561	11	0	5	1	0	1	1	0	0	0	0	0
chrY:9745571	13	0	6	1	0	1	1	0	0	0	0	0
chrY:9745579	13	0	6	1	0	1	1	0	0	0	0	0
chrY:9745599	13	0	6	1	0	1	1	0	0	0	0	0
chrY:9745654	0	0	0	4	0	0	0	0	0	0	0	0
chrY:9745679	11	0	12	3	4	2	4	6	2	2	6	5
chrY:9745703	11	0	12	4	4	3	5	6	2	2	7	5
chrY:9745720	0	0	0	0	0	0	0	0	0	1	0	0
chrY:9745721	11	0	12	4	4	3	5	6	2	2	7	5
chrY:9745731	0	0	0	0	0	0	0	0	0	1	0	0
chrY:9745732	0	0	0	0	0	0	0	0	0	0	1	0
chrY:9745745	0	0	0	0	0	0	0	0	0	0	1	0
chrY:9745750	0	0	0	0	0	0	0	0	0	1	0	0
chrY:9745751	0	0	0	0	0	0	0	0	0	0	1	0
chrY:9745753	7	0	6	7	3	0	10	16	1	1	6	1
chrY:9745754	0	0	0	0	0	0	0	0	0	0	1	0
chrY:9745765	7	0	6	7	3	0	10	16	1	1	6	1
chrY:9745782	7	0	6	7	3	0	10	16	1	0	6	1
chrY:9745784	7	0	6	7	3	0	10	16	0	0	6	1
chrY:9745786	7	0	6	7	3	0	10	16	1	0	6	1
chrY:9745794	1	0	0	0	0	0	0	1	0	0	0	0
chrY:9745913	3	2	5	8	0	1	2	0	0	1	0	0
chrY:9745937	3	2	5	8	0	1	3	0	0	1	0	0
chrY:9745960	3	2	5	8	0	1	3	0	0	1	0	0
chrY:9930124	7	10	3	3	2	5	12	10	6	2	3	0
chrY:9930125	108	59	192	100	58	64	124	6	33	79	119	43
chrY:9930137	3	4	0	0	0	2	3	4	3	2	1	0
chrY:9930138	107	63	196	100	59	69	122	7	34	80	119	46
chrY:9930149	9	6	17	14	3	5	12	0	0	5	4	4
chrY:9930150	119	67	201	100	60	69	132	8	35	81	122	47
chrY:9930158	9	6	17	14	3	5	12	0	0	5	4	4
chrY:9930159	9	4	2	2	1	0	7	1	1	0	2	1
chrY:9930167	9	6	17	14	3	5	12	0	0	5	4	4
chrY:9930168	10	4	2	2	1	0	7	1	1	0	2	1
chrY:9930170	8	6	17	14	3	5	12	0	0	5	4	4
chrY:9930171	10	4	1	2	1	0	7	1	1	0	2	1
chrY:9930225	4	3	6	2	0	0	6	0	0	0	6	2
chrY:9930237	4	3	6	2	0	0	6	0	0	0	6	2
chrY:9930239	4	4	6	2	0	0	6	1	0	0	5	2
chrY:9930241	4	4	6	2	0	0	6	1	0	0	6	2
chrY:9930247	4	4	6	2	0	0	6	1	0	0	6	2
chrY:9930253	4	4	6	2	0	0	6	1	0	0	6	2
chrY:9930259	4	4	6	2	0	0	6	1	0	0	6	2
chrY:9930265	4	4	6	2	0	0	6	1	0	0	6	2
chrY:9930270	4	4	6	2	0	0	6	1	0	0	6	2
chrY:9930273	28	7	18	8	3	9	31	25	14	5	6	11
chrY:9930274	4	4	6	2	0	0	6	1	0	0	6	2
chrY:9930305	28	6	18	8	3	9	31	25	13	5	6	11
chrY:9930306	10	7	8	4	1	3	25	6	2	4	6	3
chrY:9930310	27	7	18	8	3	9	31	25	14	5	6	11
chrY:9930311	10	7	8	4	1	3	25	6	2	4	6	3
chrY:9930334	6	3	4	8	0	1	5	9	1	1	2	5
chrY:9930335	12	7	8	4	1	5	25	6	6	7	6	3
chrY:9930349	6	3	4	8	0	1	5	9	1	1	2	5
chrY:9930350	8	7	4	4	2	5	8	7	6	5	5	2
chrY:9930351	6	3	4	8	0	1	5	9	1	1	2	5
chrY:9930352	8	7	4	4	2	5	8	7	6	5	5	2
chrY:9930372	0	1	0	0	0	0	0	0	0	0	0	0
chrY:9930373	8	7	4	4	2	5	8	7	6	5	5	2
chrY:9930388	0	1	0	0	0	0	0	0	0	0	0	0
chrY:9930390	0	1	0	0	0	0	0	0	0	0	0	0
chrY:13263442	6	8	13	5	1	6	9	0	3	4	28	3
chrY:13263444	11	7	6	6	6	6	9	14	3	3	5	7
chrY:13263445	6	8	13	5	1	6	9	0	3	4	28	3
chrY:13263467	11	7	6	6	6	6	9	14	3	2	5	7
chrY:13263468	6	6	5	12	7	1	12	12	2	2	8	7
chrY:13263479	11	7	6	6	6	6	9	14	3	3	5	7
chrY:13263480	6	6	5	14	7	1	12	12	2	2	8	7
chrY:13263487	49	21	55	72	26	38	58	100	44	52	43	38
chrY:13263488	7	6	5	14	7	1	13	12	2	2	9	8
chrY:13263500	48	21	55	72	26	38	58	100	44	52	43	38
chrY:13263501	1	0	0	2	0	0	1	0	0	0	1	1
chrY:13263503	48	21	55	72	26	38	58	99	44	52	43	38
chrY:13263504	1	0	0	2	0	0	1	0	0	0	1	1
chrY:13263511	46	21	54	72	26	38	57	96	43	50	43	38
chrY:13263512	1	0	0	2	0	0	1	0	0	0	1	1
chrY:13263524	46	20	55	71	25	38	55	98	43	51	43	37
chrY:13263525	1	0	0	2	0	0	1	0	0	0	1	1
chrY:13263533	4	0	1	0	3	13	5	2	24	19	5	2
chrY:13263534	1	0	0	2	0	0	1	0	0	0	1	1
chrY:13263539	4	1	1	0	3	13	5	2	22	19	5	2
chrY:13263540	0	0	0	2	0	0	0	0	0	0	0	0
chrY:13263548	1	0	0	0	0	0	0	0	1	1	0	0
chrY:13263549	0	0	0	2	0	0	1	0	0	0	0	0
chrY:13263560	1	0	0	0	0	0	0	0	1	1	0	0
chrY:13263561	0	0	0	0	0	0	1	0	0	0	0	0
chrY:13263579	28	27	94	75	30	36	32	22	26	51	54	40
chrY:13263580	0	0	0	0	0	0	1	0	0	0	0	0
chrY:13263592	28	26	93	65	30	35	32	22	25	49	54	40
chrY:13263610	27	27	94	75	30	35	32	22	25	49	54	40
chrY:13263621	27	27	92	75	30	36	32	22	25	47	54	39
chrY:13263637	0	0	0	72	0	0	0	0	0	0	0	0
chrY:13263638	1	0	5	1	0	0	3	0	0	0	2	0
chrY:13263646	0	0	0	73	0	0	0	0	0	0	0	0
chrY:13263647	1	0	5	1	0	0	3	0	0	0	3	0
chrY:13263655	1	0	5	1	0	0	3	0	0	0	3	0
chrY:13263681	1	0	5	1	0	0	3	0	0	0	3	0
chrY:13263687	1	0	5	1	0	0	3	0	0	0	3	0
chrY:13263693	1	0	5	1	0	0	3	0	0	0	3	0
chrY:13462591	37	10	12	18	7	8	21	49	8	4	16	3
chrY:13462592	7	4	10	6	4	1	8	10	3	1	6	2
chrY:13462593	37	10	12	17	7	8	22	48	7	5	14	3
chrY:13462604	7	3	10	6	4	1	6	10	3	1	4	2
chrY:13462605	37	9	24	26	7	11	31	63	10	7	24	8
chrY:13462613	8	3	10	6	4	1	7	10	3	1	5	2
chrY:13462614	42	10	24	27	8	12	33	67	11	7	27	8
chrY:13462639	828	412	792	43	324	409	830	395	270	451	510	289
chrY:13462640	42	10	25	27	8	13	34	68	11	7	28	8
chrY:13462645	831	413	792	44	324	409	834	396	271	452	509	289
chrY:13462646	25	13	6	13	4	6	30	26	4	2	15	12
chrY:13462651	829	408	791	43	324	408	834	393	271	450	510	287
chrY:13462652	25	13	6	13	4	5	30	26	4	2	15	12
chrY:13462654	817	411	787	43	324	407	818	389	270	451	504	288
chrY:13462655	25	13	6	13	4	6	30	26	4	2	15	12
chrY:13462665	772	408	715	42	305	376	786	390	260	422	474	267
chrY:13462666	25	13	6	13	4	6	30	26	4	2	15	12
chrY:13462675	819	406	778	32	327	403	830	382	269	452	501	282
chrY:13462676	26	13	6	13	6	6	31	27	4	2	15	12
chrY:13462696	16	5	4	28	6	5	15	354	6	6	2	1
chrY:13462697	10	8	4	11	6	8	10	24	6	7	2	5
chrY:13462711	15	4	4	5	6	5	11	15	5	5	2	1
chrY:13462712	10	8	4	12	6	8	11	24	6	7	2	5
chrY:13462724	62	33	69	51	28	36	117	93	25	31	40	28
chrY:13462725	10	8	4	17	6	8	11	24	6	7	2	5
chrY:13462731	62	54	77	51	31	36	141	114	27	31	40	36
chrY:13462732	0	0	0	5	0	0	0	0	0	0	0	0
chrY:13462744	62	54	77	51	30	36	141	114	26	31	40	36
chrY:13462745	0	0	0	6	0	0	0	0	0	0	0	0
chrY:13462761	62	54	77	51	31	36	141	113	24	31	40	35
chrY:13462762	0	0	0	6	0	0	0	0	0	0	0	0
chrY:13462769	19	10	18	19	4	13	18	4	8	19	13	8
chrY:13462770	0	0	0	6	0	0	0	0	0	0	0	0
chrY:13462827	0	0	0	18	0	0	0	0	0	0	0	0
chrY:13462828	0	0	1	0	0	0	0	0	0	0	0	0
chrY:13462831	6	0	2	21	0	0	3	1	0	1	2	1
chrY:13462832	0	0	1	6	0	0	0	0	0	0	0	0
chrY:13462840	6	0	2	2	0	0	3	1	0	1	2	1
chrY:13462841	0	0	1	6	0	0	0	0	0	0	0	0
chrY:13462860	6	1	2	2	0	0	3	2	0	1	3	1
chrY:13462861	14	2	15	6	2	9	13	0	1	5	6	8
chrY:13462865	7	1	1	2	0	0	2	2	0	1	1	1
chrY:13462866	14	2	15	6	2	9	13	0	1	5	6	8
chrY:13462879	5	1	2	2	0	0	1	1	0	1	3	0
chrY:13462880	14	2	15	6	2	9	13	0	1	5	6	8
chrY:13462892	1	0	0	2	0	0	0	1	0	0	1	0
chrY:13462893	14	2	15	6	2	9	13	0	1	5	6	8
chrY:13462898	30	12	15	5	5	4	17	1	3	5	10	3
chrY:13462899	14	2	15	6	2	9	13	0	1	5	6	8
chrY:13462909	29	12	15	5	5	4	17	0	3	5	9	3
chrY:13462941	27	11	15	5	5	4	16	0	3	5	9	3
chrY:13462942	8	11	20	2	5	6	23	4	5	8	12	3
chrY:13462955	0	0	0	5	0	0	0	0	0	0	0	0
chrY:13462956	9	10	18	2	6	6	22	4	5	7	11	3
chrY:13462958	0	0	0	5	0	0	0	0	0	0	0	0
chrY:13462959	10	11	21	3	7	6	24	4	5	8	12	3
chrY:13462984	39	7	19	17	21	4	9	3	3	0	17	10
chrY:13462985	9	11	19	9	7	6	24	3	5	8	10	3
chrY:13463025	72	20	34	17	33	6	46	39	4	3	24	17
chrY:13463026	52	26	39	28	18	28	53	31	14	25	33	12
chrY:13463041	36	16	17	18	12	19	38	68	9	23	10	14
chrY:13463042	50	26	39	28	17	28	53	31	14	25	33	12
chrY:13463059	31	15	18	18	10	18	34	70	8	22	10	14
chrY:13463060	2	0	0	3	0	0	0	0	0	0	1	1
chrY:13463072	6	6	5	5	1	8	7	4	1	7	3	3
chrY:13463073	2	0	0	3	0	0	0	0	0	0	1	1
chrY:13463075	22	9	10	10	3	14	22	40	6	15	7	9
chrY:13463076	0	0	0	30	0	0	0	0	0	0	0	0
chrY:13463087	23	11	20	12	9	16	20	54	8	13	9	13
chrY:13463088	25	15	36	30	16	31	32	43	35	55	12	21
chrY:13463089	25	13	20	14	8	20	30	57	9	20	10	11
chrY:13463090	25	16	36	30	17	29	35	41	36	54	12	22
chrY:13463099	3	0	5	5	0	2	1	2	0	1	2	3
chrY:13463100	36	15	38	33	17	31	40	52	34	48	17	24
chrY:13463119	6	0	6	4	1	2	1	3	0	1	4	3
chrY:13463120	37	17	49	32	17	44	47	53	35	67	16	27
chrY:13463126	6	0	6	4	1	2	1	3	0	1	4	3
chrY:13463127	37	16	48	33	17	42	47	55	38	69	17	27
chrY:13463132	3	0	1	4	1	0	0	1	0	0	2	0
chrY:13463133	38	17	48	33	17	44	47	55	37	67	16	27
chrY:13463141	10	6	7	4	8	6	16	0	3	4	9	0
chrY:13463142	38	17	49	33	17	44	47	55	39	71	17	28
chrY:13463146	10	6	7	4	8	6	16	0	3	4	9	0
chrY:13463147	3	0	14	19	5	14	13	9	6	19	7	8
chrY:13463165	10	5	6	3	8	6	15	0	3	4	9	0
chrY:13463166	3	0	5	19	5	6	6	9	6	8	7	5
chrY:13463174	10	6	7	4	8	6	16	0	3	4	9	0
chrY:13463175	3	0	5	19	5	6	6	9	6	8	7	5
chrY:13463185	10	6	7	4	8	6	16	0	3	4	9	0
chrY:13463186	5	0	5	19	5	6	6	9	6	8	7	5
chrY:13463228	100	24	129	107	59	38	93	23	21	61	77	46
chrY:13463241	129	27	148	122	69	43	101	51	29	64	90	55
chrY:13463261	0	0	7	3	6	2	10	13	2	0	5	2
chrY:13463262	129	27	151	124	69	44	101	51	28	64	88	54
chrY:13463263	1	0	2	12	7	3	10	9	6	5	0	2
chrY:13463264	125	24	147	124	67	43	91	51	27	63	79	54
chrY:13463293	89	61	112	188	61	69	148	174	58	32	141	83
chrY:13463294	40	9	60	71	37	22	50	105	15	25	34	27
chrY:13463300	88	61	112	188	58	66	145	173	56	27	140	82
chrY:13463301	62	31	83	148	50	34	105	172	24	25	82	43
chrY:13463315	79	54	79	159	42	49	99	113	42	21	115	57
chrY:13463316	62	31	83	148	51	35	105	172	24	25	82	43
chrY:13463323	29	95	62	58	24	50	86	83	50	34	60	42
chrY:13463324	61	30	83	147	49	32	104	168	23	25	81	42
chrY:13463359	16	76	24	10	13	23	34	11	17	14	17	5
chrY:13463360	13	23	6	11	1	5	11	17	6	2	11	3
chrY:13463364	20	78	24	17	14	23	37	12	17	14	18	5
chrY:13463365	20	24	8	13	4	6	17	22	7	2	14	3
chrY:13463374	13	63	17	11	9	20	23	8	15	12	10	2
chrY:13463375	20	24	8	13	4	6	15	21	7	2	14	3
chrY:13463391	7	7	11	8	3	6	9	29	2	6	8	3
chrY:13463392	11	21	5	13	1	5	13	18	5	2	9	2
chrY:13463407	7	7	11	7	3	6	9	29	2	6	9	3
chrY:13463408	6	0	4	4	7	1	4	8	0	1	3	3
chrY:13463412	7	7	11	7	3	6	9	29	2	6	8	3
chrY:13463413	6	0	4	4	7	1	4	8	0	1	3	3
chrY:13463417	7	7	11	7	3	6	9	29	2	6	9	3
chrY:13463418	6	0	4	4	7	1	4	8	0	1	3	3
chrY:13463455	76	57	146	7	45	40	112	59	31	50	74	49
chrY:13463456	6	0	4	4	7	1	4	8	0	1	3	3
chrY:13463464	75	57	147	7	45	40	109	57	31	50	71	49
chrY:13463491	5	6	21	7	3	2	6	3	1	2	8	11
chrY:13463492	1	1	2	0	1	2	8	1	0	0	7	2
chrY:13463498	5	6	21	4	3	2	6	3	1	2	8	11
chrY:13463499	1	2	2	0	1	2	10	1	0	0	6	2
chrY:13463500	5	6	21	4	3	2	6	3	1	3	8	12
chrY:13463501	1	2	2	0	1	2	7	1	0	0	7	2
chrY:13463549	0	0	0	0	0	0	0	0	0	1	0	0
chrY:13463550	0	5	5	2	0	1	5	1	0	1	3	3
chrY:13463555	1	4	5	3	0	1	6	1	0	1	3	2
chrY:13463558	0	4	5	2	0	1	5	1	0	1	3	2
chrY:13463573	2	2	4	4	1	1	3	5	1	1	1	0
chrY:13463574	11	10	5	38	5	9	15	28	3	2	17	5
chrY:13463578	2	2	4	4	1	1	3	5	1	1	1	0
chrY:13463579	12	9	1	41	7	10	14	39	3	1	16	3
chrY:13463588	2	2	4	4	1	1	3	5	1	1	1	0
chrY:13463589	13	9	1	42	7	10	14	39	3	1	16	4
chrY:13463596	2	2	4	4	1	1	3	5	1	1	1	0
chrY:13463597	13	9	1	42	7	10	14	39	3	1	16	4
chrY:13463604	7	7	5	9	2	2	4	5	4	4	7	0
chrY:13463605	13	10	1	42	7	10	14	39	3	1	16	4
chrY:13463616	7	7	5	9	2	2	4	5	4	4	7	0
chrY:13463617	6	6	6	9	4	3	9	10	4	0	3	5
chrY:13463643	18	5	2	19	8	2	12	6	4	6	15	3
chrY:13463644	11	6	11	10	4	3	10	10	4	1	4	6
chrY:13463675	15	3	2	19	8	2	12	5	3	4	15	3
chrY:13463676	130	48	54	8	31	50	74	40	34	75	56	27
chrY:13463679	18	4	2	19	8	2	13	6	3	4	15	3
chrY:13463680	130	49	51	7	31	53	83	40	35	76	57	29
chrY:13463695	8	2	0	10	1	1	9	2	2	3	11	0
chrY:13463696	139	51	55	9	32	53	84	42	37	77	57	32
chrY:13463727	13	27	13	8	8	3	23	29	9	3	5	11
chrY:13463728	162	62	58	65	45	60	112	58	45	77	98	44
chrY:13463745	12	27	13	8	8	3	23	29	9	3	5	10
chrY:13463746	17	25	7	8	7	3	31	24	7	2	8	6
chrY:13463763	13	26	13	7	7	3	22	26	9	3	5	11
chrY:13463764	18	25	7	8	7	3	31	24	7	2	8	6
chrY:13463771	16	9	12	3	3	3	19	15	6	5	7	4
chrY:13463772	18	25	7	9	7	3	31	24	7	2	8	6
chrY:13463799	13	6	9	1	0	3	11	9	2	4	6	2
chrY:13463800	0	0	0	2	0	0	1	0	0	0	1	0
chrY:13463823	12	6	9	1	0	3	10	10	2	4	6	2
chrY:13463824	0	0	0	2	0	0	1	0	0	0	1	0
chrY:13463836	0	0	0	1	0	0	0	0	0	0	0	0
chrY:13463837	0	0	0	2	0	0	1	0	0	0	1	0
chrY:13463863	0	2	0	0	0	0	2	0	0	0	0	0
chrY:13463865	0	2	0	0	0	0	2	0	0	0	0	0
chrY:13463875	7	1	2	2	6	0	10	0	1	1	6	0
chrY:13463876	0	2	0	0	0	0	2	0	0	0	0	0
chrY:13463881	10	5	2	2	6	2	12	0	2	1	7	0
chrY:13463882	0	2	0	0	0	0	2	0	0	0	0	0
chrY:13463886	10	5	4	2	6	2	13	0	2	2	7	0
chrY:13463887	0	2	0	0	0	0	2	0	0	0	0	0
chrY:13463911	10	4	4	2	6	2	12	0	2	2	7	0
chrY:13463912	0	0	0	0	0	0	0	0	0	0	1	0
chrY:13463913	9	4	4	2	6	2	13	0	2	2	7	0
chrY:13463914	0	2	0	0	0	0	2	0	0	0	1	0
chrY:13488004	1	0	0	0	0	0	0	0	0	0	0	0
chrY:13488005	5	5	5	6	1	5	4	0	4	4	5	0
chrY:13488006	1	0	0	0	0	0	0	0	0	0	0	0
chrY:13488017	5	2	5	6	1	5	4	0	1	4	5	0
chrY:13488018	1	0	0	0	0	0	0	0	0	0	0	0
chrY:13488026	5	2	5	6	1	5	4	0	1	4	5	0
chrY:13488027	1	0	0	0	0	0	0	0	0	0	0	0
chrY:13488044	5	2	5	6	1	4	4	1	1	4	5	0
chrY:13488045	1	0	0	0	0	0	0	0	0	0	0	0
chrY:13488058	8	1	2	12	2	4	9	5	0	2	1	1
chrY:13488064	6	1	1	6	2	1	8	5	0	2	0	1
chrY:13488078	8	1	2	6	2	3	9	5	0	2	1	1
chrY:13488079	1	0	0	12	0	0	0	0	0	0	0	0
chrY:13488089	8	1	2	6	2	3	9	5	0	2	1	1
chrY:13488090	44	4	24	12	11	8	20	3	1	8	10	9
chrY:13488109	0	0	0	5	0	0	0	3	0	0	0	0
chrY:13488110	46	4	26	12	11	9	20	3	1	8	11	9
chrY:13488125	46	4	26	12	11	9	20	3	1	8	11	9
chrY:13488132	45	4	26	12	11	9	20	3	1	8	11	9
chrY:13488137	97	53	58	66	22	24	77	99	30	30	70	15
chrY:13488138	45	4	26	12	11	9	20	3	1	8	11	9
chrY:13488144	97	53	57	66	22	24	77	99	30	30	69	15
chrY:13488157	97	53	58	66	22	24	77	99	30	30	70	15
chrY:13488174	96	53	58	66	22	24	77	99	29	30	70	15
chrY:13488182	53	33	18	31	10	11	55	48	9	17	32	5
chrY:13488215	41	25	14	27	9	8	40	44	6	10	24	5
chrY:13488216	6	3	8	4	2	2	3	5	3	8	5	5
chrY:13488223	42	24	14	27	9	8	44	47	6	10	24	5
chrY:13488224	6	3	8	4	2	2	3	5	3	8	5	5
chrY:13488241	12	3	11	1	18	20	6	25	8	24	6	7
chrY:13488242	6	3	8	4	2	2	3	5	3	8	5	5
chrY:13488244	12	3	11	1	18	17	6	25	7	20	6	7
chrY:13488245	0	0	0	0	0	1	1	0	0	0	0	1
chrY:13488253	12	3	11	0	18	20	6	25	8	24	6	7
chrY:13488254	0	0	2	2	0	1	1	0	0	0	0	1
chrY:13488264	44	9	30	14	23	26	25	59	10	30	23	15
chrY:13488265	36	6	22	37	17	7	7	52	8	14	22	12
chrY:13488271	44	9	30	14	23	26	25	59	10	30	22	15
chrY:13488272	100	64	176	92	64	53	92	179	34	98	90	65
chrY:13488273	44	9	30	14	23	26	25	60	10	30	23	15
chrY:13488274	98	57	173	82	61	51	86	177	32	97	85	62
chrY:13488278	44	8	30	14	23	26	24	59	10	30	23	15
chrY:13488279	108	66	181	93	63	55	91	184	34	99	97	66
chrY:13488292	41	8	29	14	22	22	25	57	9	30	23	15
chrY:13488293	92	63	173	84	64	48	93	136	33	90	95	62
chrY:13488298	32	6	18	14	5	6	18	58	2	6	17	8
chrY:13488299	108	66	181	93	64	55	93	184	34	98	98	66
chrY:13488303	32	5	19	14	5	6	18	35	2	6	17	8
chrY:13488304	108	66	181	93	64	55	93	184	34	99	98	65
chrY:13488305	29	4	17	13	5	5	17	33	1	5	17	8
chrY:13488306	67	40	139	57	54	37	73	111	28	82	66	49
chrY:13488312	48	9	18	11	5	3	20	3	3	7	13	6
chrY:13488313	93	48	149	71	58	44	75	169	32	92	76	58
chrY:13488324	35	7	15	8	4	1	16	0	2	7	10	3
chrY:13488337	35	7	15	9	4	1	16	0	2	7	10	3
chrY:13488338	0	0	0	0	0	0	0	0	0	0	0	1
chrY:13488355	35	7	15	9	4	1	16	0	2	7	10	3
chrY:13488356	1	4	10	0	3	0	3	1	1	4	1	1
chrY:13488369	0	0	0	9	0	0	0	0	0	0	0	0
chrY:13488370	1	4	7	0	2	1	3	1	1	4	1	1
chrY:13488372	0	0	0	9	0	0	0	0	0	0	0	0
chrY:13488373	1	3	9	0	3	0	4	1	2	4	1	1
chrY:13488398	1	0	0	1	1	0	0	0	0	0	0	0
chrY:13488399	0	4	10	10	4	1	4	1	2	4	1	0
chrY:13488455	17	9	15	9	10	6	32	9	5	4	9	6
chrY:13488456	18	12	14	10	12	5	13	0	5	8	15	1
chrY:13488473	16	9	15	9	9	6	31	8	5	4	8	6
chrY:13488474	1	0	0	0	0	2	1	1	0	0	1	0
chrY:13488477	17	9	15	9	10	6	32	9	5	4	9	6
chrY:13488478	1	0	0	0	0	2	1	1	0	0	1	0
chrY:13488479	16	9	15	9	10	6	32	9	4	3	9	6
chrY:13488480	1	0	0	0	0	2	1	1	0	0	1	0
chrY:13488489	17	9	15	9	10	6	29	9	5	4	9	6
chrY:13488490	1	0	0	22	0	2	1	1	0	0	1	0
chrY:13488503	16	8	15	8	8	6	32	9	5	4	9	6
chrY:13488504	28	19	22	22	8	22	38	43	23	39	22	10
chrY:13488513	7	0	8	15	3	11	10	10	5	6	6	3
chrY:13488514	34	19	37	37	18	24	52	61	27	45	31	19
chrY:13488533	21	7	23	28	11	13	26	35	5	8	29	11
chrY:13488534	33	20	37	35	17	24	54	66	29	48	28	23
chrY:13488540	21	7	23	28	11	13	26	34	5	8	29	11
chrY:13488541	36	20	35	37	19	27	54	67	29	49	32	23
chrY:13488546	21	7	23	28	11	12	25	35	5	8	29	11
chrY:13488547	35	20	27	27	13	23	42	52	26	42	28	19
chrY:13488555	2	1	6	0	3	2	2	0	1	7	4	2
chrY:13488556	36	20	37	37	19	27	54	67	29	49	32	23
chrY:13488558	1	1	4	0	3	1	2	0	0	6	4	2
chrY:13488560	2	1	6	0	3	2	2	0	1	7	4	1
chrY:13488569	1	1	4	0	3	1	2	0	0	6	3	1
chrY:13488588	1	1	4	0	3	1	1	0	0	6	3	1
chrY:13488589	0	0	0	9	0	0	0	0	0	0	0	0
chrY:13488599	1	1	4	0	3	1	1	0	0	6	3	1
chrY:13488600	12	7	13	10	3	8	14	1	3	7	11	3
chrY:13488642	89	74	142	97	65	36	143	6	22	54	106	50
chrY:13488649	87	74	142	93	66	36	143	6	22	54	106	50
chrY:13488655	96	73	149	86	73	35	140	8	18	56	101	49
chrY:13488676	77	54	116	88	49	33	89	4	18	56	67	35
chrY:13488678	55	28	51	49	22	22	61	2	12	40	36	22
chrY:13488708	57	14	46	21	18	12	34	14	11	28	25	10
chrY:13488713	24	6	16	9	7	3	13	11	9	9	13	5
chrY:13488733	32	13	20	40	15	6	28	33	13	9	29	13
chrY:13488737	115	195	110	69	80	67	210	85	62	61	111	45
chrY:13488738	34	13	18	39	14	5	28	32	11	7	29	14
chrY:13488755	112	190	111	67	77	65	205	85	62	62	110	46
chrY:13488756	81	33	45	42	33	19	44	152	28	14	46	33
chrY:13488779	29	23	16	13	21	3	34	18	8	9	18	6
chrY:13488780	85	24	41	26	34	16	50	146	28	20	36	27
chrY:13488788	105	143	103	61	70	52	182	80	57	58	96	39
chrY:13488789	84	24	41	26	34	16	49	146	28	20	35	26
chrY:13488794	37	9	13	27	16	6	27	36	9	4	9	19
chrY:13488795	85	24	41	26	34	16	50	146	28	20	36	27
chrY:13488805	70	29	59	82	38	30	112	99	18	12	51	43
chrY:13488806	3	3	0	0	1	1	6	4	1	3	1	0
chrY:13488815	66	23	39	58	26	20	66	66	10	8	33	31
chrY:13488816	1	0	0	1	0	1	5	4	0	3	0	0
chrY:13488821	76	30	59	84	39	30	112	100	18	12	55	44
chrY:13488822	3	0	0	3	0	0	2	4	0	0	1	0
chrY:13488826	71	29	55	81	38	26	98	95	17	11	49	43
chrY:13488827	3	0	0	3	0	0	2	4	1	0	1	0
chrY:13488839	17	6	3	14	2	5	20	8	1	6	4	4
chrY:13488840	3	0	0	3	0	0	2	4	1	0	1	0
chrY:13488849	17	6	3	14	2	5	20	7	1	6	4	3
chrY:13488850	0	0	0	22	0	0	0	5	1	0	0	0
chrY:13488851	18	6	9	19	3	7	27	11	5	9	8	6
chrY:13488852	0	0	0	22	0	0	0	5	0	0	0	0
chrY:13488870	17	6	9	19	3	5	27	10	5	8	9	6
chrY:13488871	40	29	88	1	34	45	42	56	32	62	47	36
chrY:13488878	17	6	10	19	3	5	29	11	6	8	9	7
chrY:13488879	56	29	114	28	53	65	51	101	59	94	64	51
chrY:13488905	2	1	3	14	2	0	8	3	3	0	5	3
chrY:13488906	68	34	141	28	58	67	62	102	64	96	80	62
chrY:13488912	2	1	2	0	2	0	5	3	1	0	4	2
chrY:13488913	44	20	54	27	31	32	31	74	37	46	48	26
chrY:13488914	2	1	2	0	2	0	5	3	1	0	4	2
chrY:13488915	12	5	28	6	5	2	11	1	5	2	16	12
chrY:13488929	2	1	2	0	0	0	4	2	1	0	2	1
chrY:13488930	12	5	28	6	5	2	11	1	5	2	16	12
chrY:13488968	13	3	13	17	10	7	17	69	10	5	14	11
chrY:13488969	0	0	0	0	1	0	0	2	0	0	0	1
chrY:13489003	23	29	41	21	30	19	72	77	28	19	36	21
chrY:13489004	117	33	100	91	42	52	109	120	37	48	77	38
chrY:13489031	42	50	60	33	22	24	86	49	26	24	51	25
chrY:13489032	307	126	158	237	97	92	303	345	63	67	205	85
chrY:13489033	40	48	58	30	22	21	84	50	26	23	50	23
chrY:13489034	308	126	161	238	98	93	305	346	63	68	205	85
chrY:13489042	31	39	53	28	21	21	75	46	23	21	47	23
chrY:13489043	308	126	161	238	98	93	305	346	63	68	205	85
chrY:13489058	11	8	7	88	5	3	13	16	7	6	16	3
chrY:13489059	310	127	162	238	98	93	306	347	63	68	208	85
chrY:13489061	10	7	10	86	5	3	10	9	6	6	13	4
chrY:13489062	6	2	1	5	0	2	3	2	0	0	3	2
chrY:13489073	8	7	10	87	4	3	11	9	6	6	13	4
chrY:13489074	7	3	2	13	0	2	3	2	0	0	3	2
chrY:13489085	471	621	641	313	261	603	799	410	374	708	339	212
chrY:13489086	7	3	3	53	0	2	3	2	0	0	3	2
chrY:13489090	487	622	641	319	272	615	771	435	379	719	343	226
chrY:13489091	894	605	527	275	331	545	614	1040	385	669	434	301
chrY:13489094	457	617	625	314	253	603	779	423	367	701	327	209
chrY:13489095	919	596	542	278	337	559	622	1054	393	657	442	313
chrY:13489110	491	634	657	320	274	618	810	436	381	725	348	229
chrY:13489111	917	613	545	276	334	576	627	1051	408	689	423	311
chrY:13489136	450	544	609	237	259	550	724	421	340	652	326	206
chrY:13489137	1531	974	1123	619	616	919	1353	1436	668	1117	861	525
chrY:13489142	1	0	0	55	0	0	2	0	0	0	0	0
chrY:13489143	1507	938	1109	633	610	914	1339	1407	663	1116	827	521
chrY:13489160	1	0	0	29	0	0	1	0	0	0	0	0
chrY:13489161	1521	954	1087	893	590	572	1504	1249	525	623	976	491
chrY:13489178	1	0	1	30	0	0	2	0	0	0	0	0
chrY:13489179	1447	903	1036	885	559	530	1442	1190	496	556	915	472
chrY:13489187	63	34	25	50	11	24	82	53	15	30	24	5
chrY:13489188	1534	956	1091	897	595	573	1506	1254	528	622	972	494
chrY:13489206	62	34	25	49	11	24	80	53	15	30	24	5
chrY:13489207	22	47	23	17	19	22	63	11	23	17	30	8
chrY:13489215	61	34	25	20	11	24	80	53	15	30	24	5
chrY:13489216	22	47	23	17	19	22	63	11	23	17	30	8
chrY:13489239	59	34	24	20	11	22	80	52	15	28	23	5
chrY:13489240	22	42	18	17	17	22	49	10	21	17	30	7
chrY:13489252	51	22	63	15	24	21	21	0	7	23	31	14
chrY:13489253	22	42	18	17	17	23	49	10	21	17	30	7
chrY:13489280	51	22	63	15	25	21	20	5	7	23	34	15
chrY:13489281	0	0	1	0	0	1	1	0	0	1	1	0
chrY:13489297	51	22	63	15	25	21	21	5	7	23	33	15
chrY:13489298	10	25	32	0	7	14	56	1	6	26	27	5
chrY:13489302	64	23	72	34	31	23	49	21	11	29	50	29
chrY:13489303	10	25	31	0	7	13	55	1	6	25	26	5
chrY:13489312	13	2	9	32	8	2	28	21	4	6	21	17
chrY:13489313	10	26	31	0	7	13	54	1	6	25	26	5
chrY:13489327	13	2	9	19	7	2	29	17	4	6	19	16
chrY:13489328	41	47	93	34	37	52	80	12	21	69	56	28
chrY:13910071	5	2	6	8	5	1	9	6	1	3	9	0
chrY:13910074	5	2	6	8	5	1	9	6	1	3	9	0
chrY:13910079	5	2	6	8	5	1	9	6	1	3	9	0
chrY:13910092	5	2	6	8	5	1	9	6	1	3	9	0
chrY:13910114	5	2	6	8	5	1	9	6	1	3	9	0
chrY:13910115	0	0	0	6	0	0	0	0	0	0	0	0
chrY:13910155	4	0	13	6	1	0	10	1	0	1	2	4
chrY:13910158	4	0	13	6	1	0	10	1	0	1	2	4
chrY:13910172	5	2	8	7	2	3	6	11	1	1	3	2
chrY:13910173	4	0	13	6	1	0	10	1	0	1	2	4
chrY:13910186	5	2	8	7	2	3	6	11	1	1	3	2
chrY:13910187	0	0	0	4	0	0	0	0	0	0	0	0
chrY:13910188	5	2	8	7	2	3	6	11	1	1	3	2
chrY:13910189	0	0	0	4	0	0	0	0	0	0	0	0
chrY:13910191	5	2	8	7	2	3	6	11	1	1	3	2
chrY:13910192	0	0	0	4	0	0	0	6	0	0	0	0
chrY:13910197	5	2	8	7	2	3	6	11	1	1	3	2
chrY:13910198	5	1	2	4	4	1	5	6	2	0	4	1
chrY:13910207	5	2	7	7	2	3	5	11	1	1	3	2
chrY:13910208	5	1	2	4	4	1	5	6	2	0	4	1
chrY:13910219	5	2	8	7	2	3	6	11	1	1	3	2
chrY:13910220	5	1	2	4	4	1	5	6	2	0	4	1
chrY:13910221	5	2	7	7	2	3	6	10	1	1	3	2
chrY:13910222	5	1	2	4	4	1	5	6	2	0	4	1
chrY:13910227	3	2	8	7	2	3	6	11	1	1	3	2
chrY:13910228	5	1	2	4	4	1	5	6	2	0	4	1
chrY:13910244	5	1	2	4	4	1	5	6	2	0	4	1
chrY:13910248	11	5	10	10	3	2	15	11	1	1	9	3
chrY:13910249	5	1	2	4	4	1	5	6	2	0	4	1
chrY:13910277	11	5	10	10	3	2	15	11	1	1	9	3
chrY:13910278	0	0	0	10	0	0	0	0	0	0	0	0
chrY:13910279	11	5	10	10	3	2	15	11	1	1	9	3
chrY:13910280	0	0	0	9	0	0	0	0	0	0	0	0
chrY:13910290	11	5	10	10	3	2	15	11	1	1	9	3
chrY:13910291	7	2	8	10	6	2	9	12	1	4	3	4
chrY:13910301	11	5	10	10	3	2	15	11	1	1	9	3
chrY:13910302	7	2	9	10	6	2	9	12	1	4	3	4
chrY:13910313	0	0	0	10	0	0	0	0	0	0	0	0
chrY:13910314	7	2	9	10	6	2	9	12	1	4	3	4
chrY:13910325	7	2	9	10	6	2	9	12	1	4	3	4
chrY:13910332	7	2	9	10	6	2	9	12	1	4	3	4
chrY:13910338	1	3	4	1	1	1	2	0	2	0	3	0
chrY:13910339	7	2	9	10	6	2	9	12	1	4	3	4
chrY:13910349	1	3	4	1	1	1	2	0	2	0	3	0
chrY:13910351	1	3	4	1	1	1	2	0	2	0	3	0
chrY:13910366	1	3	4	1	1	1	2	0	2	0	3	0
chrY:13910377	1	3	4	1	1	1	2	0	2	0	3	0
chrY:13910383	1	3	4	1	1	1	2	0	2	0	3	0
chrY:13910395	0	0	0	1	0	0	0	0	0	0	0	0
chrY:13910407	0	0	0	1	0	0	0	0	0	0	0	0
chrY:13910465	0	1	0	0	0	0	0	0	0	0	0	0
chrY:13910468	0	1	0	0	0	0	0	0	0	0	0	0
chrY:14074241	0	0	0	0	1	0	0	0	0	0	0	0
chrY:14074253	0	0	0	0	1	0	0	0	0	0	0	0
chrY:14074266	0	0	0	0	1	0	0	0	0	0	0	0
chrY:14074268	1	2	0	0	0	3	0	0	0	1	0	0
chrY:14074269	0	0	0	0	1	0	0	0	0	0	0	0
chrY:14074279	1	2	0	0	0	3	0	0	0	1	0	0
chrY:14074280	0	2	0	0	0	1	0	0	1	0	0	0
chrY:14074292	12	3	2	4	3	3	3	11	1	1	2	0
chrY:14074293	0	2	0	0	1	1	0	0	2	0	0	0
chrY:14074321	11	2	2	4	2	3	3	8	1	1	2	0
chrY:14074322	0	2	1	4	2	1	1	2	2	0	0	0
chrY:14074325	10	0	2	4	2	0	3	11	1	0	2	0
chrY:14074326	0	2	1	4	2	1	1	2	2	0	0	0
chrY:14074329	15	5	12	6	8	8	17	28	5	9	3	6
chrY:14074330	0	2	1	13	2	1	1	2	2	0	0	0
chrY:14074346	15	5	12	6	7	8	17	27	5	9	3	6
chrY:14074347	10	6	10	9	3	9	28	34	3	18	7	4
chrY:14074354	13	5	12	6	8	8	15	27	4	9	3	6
chrY:14074355	10	6	10	9	3	9	28	34	3	18	7	4
chrY:14074359	13	5	12	6	8	8	16	26	4	8	3	6
chrY:14074360	10	6	10	9	3	9	28	34	3	18	7	4
chrY:14074362	10	3	10	6	7	7	13	21	4	8	3	6
chrY:14074363	10	6	10	9	3	9	28	34	3	18	7	4
chrY:14074371	13	5	12	6	8	8	17	27	4	9	3	6
chrY:14074372	10	6	10	9	3	9	28	34	3	18	7	4
chrY:14074395	17	8	17	21	9	7	16	31	10	20	3	2
chrY:14074396	10	6	10	9	3	9	28	34	3	18	7	4
chrY:14074406	17	8	17	15	9	7	16	31	10	20	3	2
chrY:14074407	0	0	0	15	0	0	0	0	0	0	0	0
chrY:14074417	17	8	17	15	9	7	16	31	10	20	3	2
chrY:14074418	12	8	12	15	6	5	23	7	8	15	7	3
chrY:14074460	0	0	0	15	0	0	0	0	0	0	0	0
chrY:14074461	12	8	12	15	6	5	25	8	9	16	8	3
chrY:14074472	22	15	21	5	3	4	23	0	3	9	16	3
chrY:14074473	12	8	12	15	6	5	25	8	9	16	8	3
chrY:14074480	22	15	21	5	3	4	23	0	3	9	16	3
chrY:14074516	22	15	20	5	3	4	23	0	3	9	16	3
chrY:14074522	22	15	21	5	3	4	23	0	3	9	16	3
chrY:14074531	0	0	0	5	0	0	0	0	0	0	0	0
chrY:14074554	0	0	0	32	0	0	0	0	0	0	0	0
chrY:14074556	0	0	0	32	0	0	0	0	0	0	0	0
chrY:14074568	45	18	39	32	5	23	36	1	17	25	27	12
chrY:14074578	46	18	39	32	5	23	36	1	17	25	27	12
chrY:14074580	46	18	39	32	5	22	36	1	17	25	26	12
chrY:14074594	43	18	39	32	5	23	35	1	17	24	26	12
chrY:14074613	9	10	1	3	4	2	7	1	6	6	4	1
chrY:14074614	46	18	39	32	5	23	36	1	17	25	27	12
chrY:14074652	9	9	1	3	4	2	7	1	6	6	4	1
chrY:14074653	9	3	4	7	4	11	16	2	9	2	10	1
chrY:14074658	6	9	1	3	4	2	7	1	5	5	4	0
chrY:14074659	10	4	4	7	4	12	16	2	10	2	10	1
chrY:14074690	10	4	4	7	4	12	16	2	10	2	10	1
chrY:14074696	10	4	4	7	4	12	16	2	10	2	10	1
chrY:14074719	0	0	0	5	0	0	0	0	0	0	0	0
chrY:14074735	9	8	11	5	1	8	20	7	15	8	11	2
chrY:14074742	9	8	11	5	1	8	20	7	15	8	11	2
chrY:14074745	9	8	11	5	1	8	20	7	15	8	11	2
chrY:14074747	9	8	10	5	1	8	20	7	15	8	11	2
chrY:14074774	8	8	11	5	1	7	20	7	15	7	11	2
chrY:14074779	9	8	11	5	1	8	20	7	15	8	11	2
chrY:14074786	5	2	12	10	5	3	15	19	5	5	4	6
chrY:14074787	9	8	11	5	1	8	20	7	15	8	11	2
chrY:14074817	5	1	12	10	5	3	15	19	5	5	4	6
chrY:14074818	0	0	0	0	0	1	0	0	0	1	3	0
chrY:14074841	5	2	11	10	4	3	15	19	4	5	4	6
chrY:14074842	0	0	0	0	0	1	0	0	0	1	3	0
chrY:14074858	0	0	0	0	0	1	0	0	0	1	3	0
chrY:14074860	0	1	2	0	2	1	0	2	1	3	4	1
chrY:14074861	0	0	0	0	0	1	1	0	0	1	3	0
chrY:14074863	0	1	2	0	2	1	0	2	1	3	4	1
chrY:14074864	0	0	1	1	0	1	2	1	3	3	1	0
chrY:14074865	0	1	2	0	2	1	0	2	1	3	4	1
chrY:14074866	0	0	1	1	0	1	2	1	3	3	1	0
chrY:14074873	0	1	2	0	2	1	0	2	1	3	4	1
chrY:14074874	0	0	1	1	0	1	2	1	3	3	1	0
chrY:14074875	0	1	2	0	2	1	0	2	1	3	4	1
chrY:14074876	0	0	1	1	0	1	2	1	3	3	1	0
chrY:14074883	0	1	2	0	2	1	0	2	1	3	4	1
chrY:14074884	0	2	1	1	0	1	2	1	3	4	1	0
chrY:14074885	0	1	2	0	2	1	0	2	1	3	4	1
chrY:14074886	0	1	1	1	0	1	2	1	3	4	1	0
chrY:14074896	0	1	2	0	2	1	0	2	1	3	4	1
chrY:14074897	0	2	1	1	0	1	2	1	3	4	1	0
chrY:14074906	0	1	2	0	2	1	0	2	1	3	4	1
chrY:14074907	0	2	1	1	0	1	2	1	3	4	1	0
chrY:14074912	0	0	0	0	1	1	0	0	1	3	4	1
chrY:14074913	0	2	1	1	0	1	2	1	3	4	1	0
chrY:14074918	0	2	1	0	0	1	1	0	3	4	1	0
chrY:14074936	0	2	0	0	0	0	0	0	0	1	0	0
chrY:16636006	15	9	11	15	1	4	15	17	17	2	6	3
chrY:16636007	0	0	0	0	0	0	1	0	0	0	0	0
chrY:16636014	14	9	11	15	1	4	14	17	17	2	6	3
chrY:16636015	11	6	12	7	5	6	14	7	8	2	8	1
chrY:16636030	15	9	11	15	1	4	15	17	17	2	6	3
chrY:16636031	11	6	12	7	5	6	14	7	10	2	8	1
chrY:16636042	15	8	11	15	1	3	15	17	17	2	6	3
chrY:16636043	11	6	11	7	5	6	14	7	10	2	8	1
chrY:16636046	0	0	0	0	0	0	0	0	4	1	0	0
chrY:16636047	11	6	12	7	5	6	14	7	10	2	8	1
chrY:16636292	0	3	0	0	0	0	0	0	0	0	0	0
chrY:16636488	0	0	0	0	0	0	0	1	0	0	0	0
chrY:16636507	0	0	0	0	0	0	0	1	0	0	0	0
chrY:16636537	0	0	0	0	0	0	0	0	0	0	1	0
chrY:16636554	0	0	0	0	0	0	0	0	0	0	1	0
chrY:16636560	0	0	0	0	0	0	0	0	0	0	1	0
chrY:16636562	0	0	0	0	0	0	0	0	0	0	1	0
chrY:16636566	17	17	27	16	3	14	27	31	15	12	15	4
chrY:16636567	0	0	0	0	0	0	0	0	0	0	1	0
chrY:16636574	17	17	27	16	3	14	27	30	15	12	15	4
chrY:16636614	17	17	27	16	3	14	27	31	15	12	15	4
chrY:16636615	0	8	1	0	0	1	6	0	0	0	3	0
chrY:16636657	1	3	4	0	0	1	3	0	1	0	3	0
chrY:16636658	0	8	1	0	0	1	6	0	0	0	3	0
chrY:16636664	1	3	4	0	0	1	3	0	1	0	3	0
chrY:16636676	1	3	4	0	0	1	3	0	1	0	3	0
chrY:16636678	1	3	4	0	0	1	3	0	1	0	3	0
chrY:16636684	1	3	3	0	0	1	3	0	1	0	3	0
chrY:16636697	1	3	4	0	0	1	3	0	1	0	3	0
chrY:16636713	1	3	4	0	0	1	3	0	1	0	3	0
chrY:16636747	0	0	0	12	0	0	0	0	0	0	0	0
chrY:16636759	0	0	0	12	0	0	0	0	0	0	0	0
chrY:16636801	25	21	21	12	4	10	18	0	8	13	22	3
chrY:16636808	28	22	22	12	4	10	21	0	8	13	24	3
chrY:16636815	17	14	21	16	8	14	13	35	26	19	4	7
chrY:16636816	28	22	22	12	4	10	21	0	8	13	24	3
chrY:16636833	17	14	21	16	8	14	13	35	26	19	4	7
chrY:16636834	16	10	7	5	6	9	16	18	15	14	8	8
chrY:16636836	17	13	21	16	8	14	13	35	22	19	4	7
chrY:16636837	16	10	8	5	6	9	16	18	15	14	8	8
chrY:16636852	17	14	21	16	8	14	13	35	26	19	4	7
chrY:16636853	16	10	8	5	6	9	16	18	15	14	8	8
chrY:16636857	17	14	21	16	8	14	13	34	26	19	4	7
chrY:16636858	15	10	8	5	6	9	16	18	16	14	8	8
chrY:16636859	17	14	20	16	8	14	13	35	26	18	4	7
chrY:16636860	16	10	8	5	6	9	16	18	16	14	8	8
chrY:16636868	17	14	21	16	7	14	12	33	25	19	3	7
chrY:16636869	15	10	8	5	6	9	16	18	16	14	8	8
chrY:16636874	5	14	1	4	1	2	5	9	6	2	8	2
chrY:16636875	16	10	8	5	6	9	16	18	16	14	8	8
chrY:16636888	5	14	1	4	1	2	5	9	6	2	8	2
chrY:16636889	13	12	3	5	1	3	10	7	7	1	4	2
chrY:16636893	5	14	1	4	1	2	5	9	6	2	8	2
chrY:16636894	12	12	3	5	1	3	9	7	7	1	4	2
chrY:16636895	5	14	1	4	1	2	5	9	6	2	8	2
chrY:16636896	13	12	3	5	1	3	10	7	7	1	4	2
chrY:16636897	5	14	1	4	1	2	5	9	6	2	8	2
chrY:16636898	13	12	3	5	1	3	10	7	7	1	4	2
chrY:16636905	19	6	10	8	3	9	19	22	20	8	7	4
chrY:16636906	13	12	3	6	1	3	10	7	7	1	4	2
chrY:16636915	19	6	10	8	3	9	19	22	20	8	7	4
chrY:16636916	18	6	12	13	6	11	9	31	17	13	10	4
chrY:16636936	19	6	10	8	3	9	19	22	17	7	7	4
chrY:16636937	18	6	12	13	6	11	9	31	17	13	10	4
chrY:16636939	19	6	10	8	3	9	19	22	17	7	7	4
chrY:16636940	17	6	11	12	6	11	9	30	16	13	10	4
chrY:16636964	17	12	17	10	3	6	30	2	16	8	10	5
chrY:16636965	18	6	12	13	6	11	9	31	17	13	10	4
chrY:16636972	17	12	17	10	3	6	30	2	16	8	10	5
chrY:16636978	17	12	17	9	3	6	30	2	16	8	10	5
chrY:16636984	12	12	16	10	3	4	27	2	14	8	10	5
chrY:16636990	13	10	16	10	3	6	28	2	12	6	8	5
chrY:21238513	0	0	0	0	1	0	0	0	0	0	0	0
chrY:21238545	0	0	0	0	1	0	0	0	0	0	0	0
chrY:21238567	2	0	0	0	1	3	3	2	0	0	0	0
chrY:21238568	0	0	0	0	1	0	0	0	0	0	0	0
chrY:21238588	2	0	0	0	1	3	3	2	0	0	0	0
chrY:21238589	7	2	2	8	1	3	1	8	4	0	4	0
chrY:21238594	10	5	12	7	5	13	8	11	10	14	8	4
chrY:21238595	7	2	2	8	1	3	1	8	4	0	4	0
chrY:21238608	10	5	12	7	5	13	8	11	10	14	8	4
chrY:21238609	11	7	11	7	2	7	5	26	13	10	7	2
chrY:21238642	10	5	12	7	5	13	8	11	10	14	8	4
chrY:21238643	10	7	10	7	2	7	5	27	13	10	6	2
chrY:21238651	0	0	0	7	0	0	0	11	0	0	0	0
chrY:21238652	11	7	11	7	2	7	5	26	13	10	7	2
chrY:21238656	4	4	9	0	1	0	8	0	1	4	8	1
chrY:21238657	11	7	11	7	2	7	5	27	13	10	7	2
chrY:21238666	4	4	9	0	1	0	8	0	1	4	8	1
chrY:21238670	4	4	9	0	1	0	8	0	1	4	8	1
chrY:21238675	4	4	9	0	1	0	8	0	1	4	8	1
chrY:21238682	4	4	9	0	1	0	8	0	1	4	8	1
chrY:21238688	4	4	9	0	1	0	8	0	1	4	8	1
chrY:21238702	4	4	9	0	1	0	8	0	1	4	8	1
chrY:21238705	4	4	9	0	1	0	8	0	1	4	8	1
chrY:21238710	4	4	9	0	1	0	8	0	1	4	8	1
chrY:21238734	0	0	0	18	0	0	0	0	0	0	0	0
chrY:21238761	26	10	23	18	5	16	17	5	8	14	12	7
chrY:21238770	26	10	23	18	5	16	17	5	8	14	12	7
chrY:21238788	25	10	22	18	5	16	16	5	8	14	12	6
chrY:21238797	26	10	23	18	5	16	17	5	8	14	12	7
chrY:21238802	28	21	13	10	3	11	33	7	10	8	16	5
chrY:21238803	26	10	23	18	5	16	17	5	8	14	12	7
chrY:21238844	27	21	13	10	3	11	33	7	10	8	15	5
chrY:21238845	24	11	27	10	2	13	24	14	12	17	14	6
chrY:21238874	24	11	27	10	2	13	24	14	12	17	14	6
chrY:21238876	24	11	27	10	2	13	24	14	12	17	14	6
chrY:21238878	24	11	27	10	2	13	24	14	12	17	14	6
chrY:21238886	17	9	12	12	4	5	10	5	9	12	10	7
chrY:21238887	24	11	27	10	2	13	24	14	12	17	14	6
chrY:21238918	17	9	12	12	4	5	11	5	9	12	10	7
chrY:21238919	31	8	17	18	8	13	25	19	24	25	15	9
chrY:21238921	17	9	12	12	4	4	11	5	9	12	10	7
chrY:21238922	31	8	17	18	8	13	25	19	24	25	15	9
chrY:21238938	17	9	12	12	4	5	11	5	9	12	10	7
chrY:21238939	31	8	17	18	8	13	25	19	24	25	15	9
chrY:21238949	0	0	0	12	0	0	0	0	0	0	0	0
chrY:21238950	31	8	17	18	8	13	25	19	24	25	15	9
chrY:21238957	11	2	16	8	7	2	6	21	13	6	9	2
chrY:21238958	31	8	17	18	8	13	25	19	24	25	15	9
chrY:21238960	11	2	16	8	7	2	6	21	13	6	9	2
chrY:21238961	26	5	16	13	9	14	19	33	21	19	9	10
chrY:21238968	11	2	16	8	7	2	6	21	13	6	9	2
chrY:21238969	26	5	16	13	9	14	19	33	21	19	9	10
chrY:21238971	11	2	16	8	7	2	6	21	13	6	9	2
chrY:21238972	26	5	16	13	9	14	19	33	21	19	9	10
chrY:21238976	9	1	11	6	7	1	4	18	10	6	5	1
chrY:21238977	23	5	15	13	9	14	18	32	21	19	9	10
chrY:21238978	10	2	15	8	5	2	6	20	13	6	9	2
chrY:21238979	26	5	16	13	9	14	19	33	21	19	8	10
chrY:21238982	11	1	12	8	6	1	5	21	12	6	7	2
chrY:21238983	23	5	15	13	9	12	16	32	21	19	9	10
chrY:21238998	11	2	16	8	7	2	6	21	13	6	9	2
chrY:21238999	26	5	16	13	9	14	19	33	21	19	9	10
chrY:21239003	11	1	14	8	7	2	5	21	13	6	8	2
chrY:21239004	26	5	16	13	9	14	19	33	21	19	9	10
chrY:21239006	6	0	11	8	5	1	2	17	9	5	4	1
chrY:21239007	26	5	16	13	9	14	19	33	20	19	9	10
chrY:21239014	20	5	25	13	5	9	10	2	12	22	13	2
chrY:21239015	26	5	16	13	9	14	19	33	21	19	9	10
chrY:21239017	20	5	25	12	5	9	10	2	12	22	13	2
chrY:21239020	20	5	25	13	5	9	10	2	12	22	13	2
chrY:21239026	20	5	25	12	5	9	10	2	12	22	13	2
chrY:21239031	20	5	25	12	5	9	10	2	12	22	13	2
chrY:21239039	19	5	22	11	5	9	10	2	12	21	13	1
chrY:21239050	20	5	25	12	5	9	10	2	12	22	13	2
chrY:21239061	20	5	25	12	5	9	10	2	12	21	13	2
chrY:21239068	19	5	25	12	5	9	9	2	12	21	13	2
chrY:21239076	0	0	0	12	0	0	0	0	0	0	0	0
chrY:21239090	0	0	0	13	0	0	0	0	0	0	0	0
chrY:21239097	0	0	0	13	0	0	0	0	0	0	0	0
chrY:21239103	15	0	16	13	4	8	5	0	10	22	5	3
chrY:21239105	15	0	16	13	4	8	5	0	10	22	5	3
chrY:21239117	15	0	16	13	4	8	5	0	10	22	5	3
chrY:21239144	15	0	16	13	4	8	5	0	10	22	5	3
chrY:21239154	9	3	15	4	5	8	12	11	6	10	11	2
chrY:21239155	15	0	16	13	4	8	5	0	10	22	5	3
chrY:21239160	9	3	14	4	5	8	11	11	6	10	10	2
chrY:21239161	14	8	10	14	1	3	21	28	16	12	8	7
chrY:21239181	9	3	15	4	5	8	12	11	6	10	11	2
chrY:21239182	15	10	12	14	2	6	24	29	19	14	8	9
chrY:21239211	0	0	0	4	0	0	0	11	0	0	0	0
chrY:21239212	15	10	12	14	2	6	24	29	19	14	8	9
chrY:21239216	0	0	0	0	0	0	1	0	0	0	0	0
chrY:21239217	15	10	12	14	2	6	24	29	19	14	8	9
chrY:21239219	0	0	0	0	0	0	1	0	0	0	0	0
chrY:21239260	0	0	0	0	0	0	1	0	0	0	0	0
chrY:21239448	0	0	0	0	0	0	0	0	0	0	1	0
chrY:21239462	0	0	0	0	0	0	0	0	0	0	1	0
chrY:21239477	0	0	0	0	0	0	0	0	0	0	1	0
chrY:21239484	11	6	18	6	3	1	5	0	7	7	4	0
chrY:21239485	0	0	0	0	0	0	0	0	0	0	1	0
chrY:21239492	11	6	18	6	3	1	5	0	7	7	4	0
chrY:21239502	11	6	18	6	3	1	5	0	7	7	4	0
chrY:21239508	11	6	18	6	3	1	5	0	7	7	4	0
chrY:21239550	0	0	0	6	0	0	0	0	0	0	0	0
chrY:21239644	1	3	2	0	0	0	5	0	0	0	2	0
chrY:21239647	1	3	2	0	0	0	5	0	0	0	2	0
chrY:21239654	1	3	2	0	0	0	5	0	0	0	2	0
chrY:21239659	1	3	2	0	0	0	5	0	0	0	2	0
chrY:21239682	1	3	2	0	0	0	5	0	0	0	2	1
chrY:21239689	1	3	2	0	0	0	5	0	0	0	2	1
chrY:21239693	1	3	2	0	0	0	5	0	0	0	2	1
chrY:21239697	0	0	0	0	0	0	0	0	3	0	0	0
chrY:21239698	1	3	2	0	0	0	5	0	0	0	2	1
chrY:21239719	25	25	26	14	6	15	34	28	42	24	18	8
chrY:21239739	23	25	25	14	6	15	32	28	39	23	18	8
chrY:21239740	0	0	0	4	0	0	0	0	0	0	0	0
chrY:21239766	24	25	26	14	6	15	34	28	39	24	18	8
chrY:21239767	12	11	10	4	1	3	16	2	11	4	4	3
chrY:21239769	21	22	25	14	6	14	30	28	38	23	14	8
chrY:21239770	12	11	10	4	1	3	16	2	10	3	4	3
chrY:21239772	25	25	26	14	6	15	33	28	39	24	17	8
chrY:21239773	12	10	10	4	1	3	16	2	11	4	4	3
chrY:21239795	13	11	10	4	1	3	16	2	11	4	4	3
chrY:21239800	13	11	10	4	1	3	16	2	11	4	4	3
chrY:21239808	0	1	0	0	0	0	0	0	0	0	0	1
chrY:21239809	13	11	10	4	1	3	16	2	11	4	4	3
chrY:21239823	0	1	0	0	0	0	0	0	0	0	0	1
chrY:21239825	0	1	0	0	0	0	0	0	0	0	0	1
chrY:21239839	0	1	0	0	0	0	0	0	0	0	0	1
chrY:21239841	0	1	0	0	0	0	0	0	0	0	0	1
chrY:21239849	0	1	0	0	0	0	0	0	0	0	0	0
chrY:21239861	0	1	0	0	0	0	0	0	0	0	0	1
chrY:21664658	1	0	0	0	0	1	0	0	0	0	0	0
chrY:21664670	1	0	0	0	0	1	0	0	0	0	0	0
chrY:21664676	1	0	0	0	0	1	0	0	0	0	0	0
chrY:21664679	1	0	0	0	0	1	0	0	0	0	0	0
chrY:21664682	1	0	0	0	0	1	0	0	0	0	0	0
chrY:21664688	0	0	0	0	0	1	1	0	0	0	0	0
chrY:21664689	1	0	0	0	0	1	0	0	0	0	0	0
chrY:21664704	0	0	0	0	0	1	1	0	0	0	0	0
chrY:21664717	0	0	0	0	0	1	1	0	0	0	0	0
chrY:21664927	0	0	0	0	0	0	1	0	3	0	0	0
chrY:21664951	0	0	0	0	0	0	1	0	3	0	0	0
chrY:21664966	0	0	0	0	0	0	1	0	3	0	0	0
chrY:21664971	23	7	20	9	3	8	49	1	10	4	7	8
chrY:21664972	0	0	0	0	0	0	1	0	3	0	0	0
chrY:21664979	23	7	20	9	3	8	49	1	10	4	7	8
chrY:21665003	23	7	20	9	3	8	49	1	10	4	7	8
chrY:21665007	23	7	20	9	3	8	48	1	10	4	7	8
chrY:21665021	23	7	20	9	3	8	49	1	10	4	7	8
chrY:21665022	0	0	0	13	0	0	0	0	0	0	0	0
chrY:21665023	23	7	20	9	3	8	49	1	10	4	7	8
chrY:21665024	0	0	0	13	0	0	0	0	0	0	0	0
chrY:21665026	22	7	20	9	3	8	49	1	10	4	7	8
chrY:21665027	26	14	22	13	6	6	47	7	15	8	21	10
chrY:21665028	0	0	0	9	0	0	0	1	0	0	0	0
chrY:21665029	26	14	22	13	6	6	47	7	15	8	21	10
chrY:21665045	26	14	22	13	6	6	47	7	15	8	21	10
chrY:21665053	25	14	22	13	6	6	47	7	15	8	20	10
chrY:21665055	26	14	22	13	5	6	47	7	14	8	21	10
chrY:21665063	26	14	22	13	6	6	47	7	15	8	21	10
chrY:21729160	28	3	24	13	6	10	28	11	19	19	6	5
chrY:21729166	28	3	24	13	6	10	28	11	19	19	6	5
chrY:21729187	28	3	24	13	6	10	28	11	19	19	5	5
chrY:21729188	0	0	0	14	0	0	0	0	0	0	1	0
chrY:21729195	28	3	24	13	6	10	28	11	19	19	6	5
chrY:21729196	15	6	10	14	3	2	20	0	5	10	7	4
chrY:21729214	28	2	24	13	6	9	28	11	19	19	6	5
chrY:21729215	15	7	11	14	3	2	26	0	6	11	7	4
chrY:21729216	28	2	24	13	6	8	25	11	19	19	5	5
chrY:21729217	15	7	11	14	3	2	26	0	6	11	9	4
chrY:21729236	15	7	11	14	3	2	26	0	6	11	8	4
chrY:21729251	0	0	0	0	0	1	0	0	0	0	1	0
chrY:21729252	15	7	11	14	3	2	26	0	6	11	8	4
chrY:21729262	0	0	0	0	0	1	0	0	0	0	1	0
chrY:21729274	0	0	0	0	0	1	0	0	0	0	1	0
chrY:21729279	0	0	0	0	0	1	0	0	0	0	1	0
chrY:21729298	0	0	0	0	0	1	0	0	0	0	1	0
chrY:21729484	0	1	0	0	0	1	2	0	0	0	1	0
chrY:21729486	0	1	0	0	0	1	2	0	0	0	1	0
chrY:21729496	0	1	0	0	0	1	2	0	0	0	1	0
chrY:21729526	0	1	0	0	0	1	2	0	0	0	1	0
chrY:21729529	0	1	0	0	0	1	2	0	0	0	1	0
chrY:21729539	22	16	27	17	6	6	33	0	8	15	15	5
chrY:21729540	0	1	0	0	0	1	2	0	0	0	1	0
chrY:21729555	22	16	27	17	6	6	33	0	8	15	15	5
chrY:23566573	0	0	0	0	0	0	1	0	0	0	0	0
chrY:23566577	0	0	0	0	0	0	1	0	0	0	0	0
chrY:23566598	7	3	5	7	0	3	12	19	3	4	7	2
chrY:23566614	7	3	5	7	0	3	12	19	3	4	7	3
chrY:23566615	0	0	0	4	0	0	0	0	0	0	0	0
chrY:23566626	7	3	5	7	0	3	12	19	3	4	7	3
chrY:23566627	1	3	6	4	3	1	2	1	1	0	4	1
chrY:23566663	0	0	0	7	0	0	0	0	0	0	0	0
chrY:23566664	1	3	6	4	3	1	2	1	1	1	4	1
chrY:23566674	1	3	6	4	3	0	2	1	1	1	4	1
chrY:23566679	0	0	0	0	0	0	0	1	0	0	1	0
chrY:23566680	1	3	6	4	3	1	2	1	1	1	4	1
chrY:23566688	0	0	0	0	0	0	0	1	0	0	1	0
chrY:23566701	0	0	0	0	0	0	0	1	0	0	1	0
chrY:23566714	0	0	0	0	0	0	0	1	0	0	1	0
chrY:23566720	0	0	0	0	0	0	0	1	0	0	1	0
chrY:23566727	0	0	0	0	0	0	0	1	0	0	1	0
chrY:23566730	0	0	0	0	0	0	0	1	0	0	1	0
